Output/depth003.asc
ncols     22
nrows     62
xllcorner      0.00000000
yllcorner      0.00000000
cellsize      0.50000000
nodata_value -9999
0.0000E+00 0.0000E+00 0.0000E+00 0.0000E+00 0.0000E+00 0.0000E+00 0.0000E+00 0.0000E+00 0.0000E+00 0.0000E+00 0.0000E+00 0.0000E+00 0.0000E+00 0.0000E+00 0.0000E+00 0.0000E+00 0.0000E+00 0.0000E+00 0.0000E+00 0.0000E+00 0.0000E+00 0.0000E+00
0.0000E+00 0.8494E-01 0.8451E-01 0.5068E-01 0.3834E-01 0.5674E-01 0.4151E-01 0.7902E-01 0.7042E-01 0.6015E-01 0.5467E-01 0.3504E-01 0.3525E-01 0.3656E-01 0.3406E-01 0.7574E-01 0.7507E-01 0.3671E-01 0.4001E-01 0.7823E-01 0.1220E+00 0.0000E+00
0.0000E+00 0.1278E+00 0.1151E+00 0.6411E-01 0.6462E-01 0.1190E+00 0.4210E-01 0.1053E+00 0.1144E+00 0.9554E-01 0.9566E-01 0.9559E-01 0.1164E+00 0.8491E-01 0.8713E-01 0.8087E-01 0.8794E-01 0.9380E-01 0.1084E+00 0.1247E+00 0.2077E+00 0.0000E+00
0.0000E+00 0.1673E+00 0.1893E+00 0.9571E-01 0.1173E+00 0.1395E+00 0.7254E-01 0.1993E+00 0.1977E+00 0.1381E+00 0.1471E+00 0.1453E+00 0.1739E+00 0.1419E+00 0.1124E+00 0.7676E-01 0.9868E-01 0.1137E+00 0.1881E+00 0.2047E+00 0.2409E+00 0.0000E+00
0.0000E+00 0.2264E+00 0.2123E+00 0.1320E+00 0.1464E+00 0.1771E+00 0.1053E+00 0.1716E+00 0.1933E+00 0.1928E+00 0.1738E+00 0.1274E+00 0.1932E+00 0.2011E+00 0.1414E+00 0.9613E-01 0.1244E+00 0.1756E+00 0.4472E+00 0.3099E+00 0.2543E+00 0.0000E+00
0.0000E+00 0.3090E+00 0.2658E+00 0.1530E+00 0.1773E+00 0.2221E+00 0.1281E+00 0.1780E+00 0.2047E+00 0.1853E+00 0.2115E+00 0.1672E+00 0.2016E+00 0.1768E+00 0.1821E+00 0.1823E+00 0.1687E+00 0.1872E+00 0.3073E+00 0.2657E+00 0.2696E+00 0.0000E+00
0.0000E+00 0.2969E+00 0.2933E+00 0.1702E+00 0.1986E+00 0.2672E+00 0.1529E+00 0.2300E+00 0.2390E+00 0.2219E+00 0.2644E+00 0.2343E+00 0.2741E+00 0.2019E+00 0.1994E+00 0.2543E+00 0.2804E+00 0.2079E+00 0.3277E+00 0.3722E+00 0.4138E+00 0.0000E+00
0.0000E+00 0.4421E+00 0.3514E+00 0.2616E+00 0.2630E+00 0.3307E+00 0.1916E+00 0.1999E+00 0.2677E+00 0.2912E+00 0.2434E+00 0.2019E+00 0.3121E+00 0.2635E+00 0.2411E+00 0.2841E+00 0.3549E+00 0.2436E+00 0.4751E+00 0.5631E+00 0.4180E+00 0.0000E+00
0.0000E+00 0.3133E+00 0.4841E+00 0.3481E+00 0.2757E+00 0.4102E+00 0.4677E+00 0.2666E+00 0.2402E+00 0.2934E+00 0.3886E+00 0.2278E+00 0.3078E+00 0.3675E+00 0.3917E+00 0.3849E+00 0.3368E+00 0.3279E+00 0.5637E+00 0.4881E+00 0.4164E+00 0.0000E+00
0.0000E+00 0.3118E+00 0.4144E+00 0.2787E+00 0.2624E+00 0.4544E+00 0.3452E+00 0.2806E+00 0.2378E+00 0.2550E+00 0.3138E+00 0.2069E+00 0.2896E+00 0.3204E+00 0.3172E+00 0.3922E+00 0.3877E+00 0.3790E+00 0.6671E+00 0.5207E+00 0.4438E+00 0.0000E+00
0.0000E+00 0.5792E+00 0.4227E+00 0.3029E+00 0.4046E+00 0.4340E+00 0.2696E+00 0.2850E+00 0.3475E+00 0.3185E+00 0.3212E+00 0.2698E+00 0.4244E+00 0.3164E+00 0.2920E+00 0.4264E+00 0.4521E+00 0.3141E+00 0.5569E+00 0.5381E+00 0.4841E+00 0.0000E+00
0.0000E+00 0.5215E+00 0.5701E+00 0.3933E+00 0.4150E+00 0.4959E+00 0.3437E+00 0.3006E+00 0.4411E+00 0.2881E+00 0.3532E+00 0.4485E+00 0.5357E+00 0.3415E+00 0.3969E+00 0.6201E+00 0.4655E+00 0.4113E+00 0.7622E+00 0.6778E+00 0.5239E+00 0.0000E+00
0.0000E+00 0.3860E+00 0.4903E+00 0.4366E+00 0.4492E+00 0.4702E+00 0.3878E+00 0.3232E+00 0.3179E+00 0.3504E+00 0.4090E+00 0.4168E+00 0.5421E+00 0.4122E+00 0.3463E+00 0.4955E+00 0.7098E+00 0.6122E+00 0.7435E+00 0.5340E+00 0.4947E+00 0.0000E+00
0.0000E+00 0.5820E+00 0.7031E+00 0.3719E+00 0.4540E+00 0.5597E+00 0.3502E+00 0.5943E+00 0.5274E+00 0.5104E+00 0.1811E+01 0.3714E+00 0.4409E+00 0.3536E+00 0.3489E+00 0.4927E+00 0.4154E+00 0.4283E+00 0.7266E+00 0.5864E+00 0.5194E+00 0.0000E+00
0.0000E+00 0.4841E+00 0.8932E+00 0.4110E+00 0.5246E+00 0.6347E+00 0.4062E+00 0.6212E+00 0.3727E-01 0.3298E-01 0.5577E+00 0.2976E+00 0.4460E+00 0.5218E+00 0.4449E+00 0.5688E+00 0.4023E+00 0.3754E+00 0.7494E+00 0.7144E+00 0.4521E+00 0.0000E+00
0.0000E+00 0.4684E+00 0.5351E+00 0.4090E+00 0.5065E+00 0.5289E+00 0.5141E+00 0.6454E+00 0.6417E-01 0.5971E-01 0.5437E+00 0.3509E+00 0.5261E+00 0.5325E+00 0.5795E+00 0.7815E+00 0.5799E+00 0.4923E+00 0.8578E+00 0.6475E+00 0.4970E+00 0.0000E+00
0.0000E+00 0.5187E+00 0.5168E+00 0.3787E+00 0.5434E+00 0.5954E+00 0.4054E+00 0.5107E+00 0.1273E+00 0.1174E+00 0.6020E+00 0.3289E+00 0.4289E+00 0.3827E+00 0.3692E+00 0.6139E+00 0.5525E+00 0.4302E+00 0.7836E+00 0.6608E+00 0.5192E+00 0.0000E+00
0.0000E+00 0.5150E+00 0.1022E+01 0.7075E+00 0.6928E+00 0.7119E+00 0.5204E+00 0.6056E+00 0.2545E+00 0.2105E+00 0.6982E+00 0.4008E+00 0.4869E+00 0.3806E+00 0.3387E+00 0.4620E+00 0.5108E+00 0.4034E+00 0.7309E+00 0.5842E+00 0.4831E+00 0.0000E+00
0.0000E+00 0.5489E+00 0.7661E+00 0.5900E+00 0.6034E+00 0.5577E+00 0.5460E+00 0.9103E+00 0.3212E+00 0.3821E+00 0.7242E+00 0.3872E+00 0.4534E+00 0.4127E+00 0.4114E+00 0.4373E+00 0.5170E+00 0.5433E+00 0.7403E+00 0.5954E+00 0.4165E+00 0.0000E+00
0.0000E+00 0.7763E+00 0.7312E+00 0.5687E+00 0.1190E+01 0.6169E+00 0.5049E+00 0.1133E+01 0.4253E-01 0.3568E+00 0.8298E+00 0.3869E+00 0.5788E+00 0.6269E+00 0.6611E+00 0.6096E+00 0.5694E+00 0.4920E+00 0.6222E+00 0.4790E+00 0.4102E+00 0.0000E+00
0.0000E+00 0.6354E+00 0.7652E+00 0.7680E+00 0.9897E+00 0.1358E+01 0.1613E+01 0.8994E+00 0.1361E+00 0.4488E+00 0.7967E+00 0.6086E+00 0.8756E+00 0.6171E+00 0.1643E+01 0.1245E+01 0.7623E+00 0.4900E+00 0.7275E+00 0.6434E+00 0.5388E+00 0.0000E+00
0.0000E+00 0.8327E+00 0.7031E+00 0.5255E+00 0.5110E-01 0.2267E+01 0.1690E+01 0.5607E-01 0.1588E+00 0.6990E+00 0.9942E+00 0.9967E+00 0.9075E+00 0.5223E+00 0.8769E+00 0.6791E-01 0.7805E+00 0.1144E+01 0.8383E+00 0.6226E+00 0.5920E+00 0.0000E+00
0.0000E+00 0.7967E+00 0.7071E+00 0.5679E+00 0.1241E+00 0.2723E+01 0.5046E-01 0.2769E-01 0.1817E+00 0.6032E+00 0.9210E+00 0.9098E+00 0.4782E-01 0.5543E+00 0.7887E+00 0.4836E-01 0.5740E-01 0.1075E+01 0.7685E+00 0.5148E+00 0.6647E+00 0.0000E+00
0.0000E+00 0.6820E+00 0.9122E+00 0.1029E+01 0.1990E+00 0.2197E+01 0.9143E-01 0.8449E-01 0.1994E+00 0.5195E+00 0.7918E+00 0.8161E+00 0.6228E-01 0.4439E+00 0.8316E+00 0.1075E+00 0.1059E+00 0.1244E+01 0.1047E+01 0.1982E+01 0.5536E+00 0.0000E+00
0.0000E+00 0.1031E+01 0.8045E+00 0.8992E+00 0.3854E-01 0.1809E+01 0.1191E+00 0.4726E+00 0.3986E+00 0.8743E+00 0.9840E+00 0.7747E+00 0.1078E+00 0.4894E+00 0.1095E+01 0.2470E+00 0.2265E+00 0.2007E+01 0.1268E+01 0.2065E+01 0.6153E-01 0.0000E+00
0.0000E+00 0.1028E+01 0.7637E+00 0.8241E+00 0.9834E-01 0.1806E+01 0.1148E+00 0.2917E+00 0.3464E-01 0.7085E+00 0.1021E+01 0.9940E+00 0.1591E+00 0.7456E+00 0.1092E+01 0.2235E+00 0.2680E+00 0.1231E+01 0.8616E+00 0.1048E+01 0.1035E+00 0.0000E+00
0.0000E+00 0.7539E+00 0.1063E+01 0.8416E+00 0.1554E+00 0.3872E+01 0.2510E+01 0.3307E+00 0.6741E-01 0.7865E+00 0.9588E+00 0.7113E+00 0.1622E+00 0.8306E+00 0.9113E+00 0.2571E+00 0.3145E+00 0.1208E+01 0.8256E+00 0.1071E+01 0.1730E+00 0.0000E+00
0.0000E+00 0.2104E+01 0.1018E+01 0.9585E+00 0.4663E-01 0.1054E+00 0.4860E+01 0.1074E+01 0.6364E+00 0.6223E+00 0.1099E+01 0.7620E+00 0.2050E+00 0.5029E+00 0.8999E+00 0.3354E+00 0.3441E+00 0.2381E+01 0.4853E+01 0.1327E+01 0.2557E+00 0.0000E+00
0.0000E+00 0.3051E+01 0.5458E-01 0.9971E+00 0.1054E+00 0.9007E-01 0.3318E+01 0.6601E-01 0.6777E-01 0.4259E-01 0.9131E+00 0.1065E+01 0.3145E+00 0.5146E+00 0.6116E+00 0.2886E+00 0.3331E+00 0.5064E-01 0.2293E+01 0.6328E-01 0.2406E+00 0.0000E+00
0.0000E+00 0.1348E+01 0.5560E-01 0.9654E+00 0.2553E+00 0.1786E+00 0.2191E+01 0.3198E-01 0.9686E-01 0.5614E-01 0.6238E+00 0.6195E+00 0.3490E+00 0.5046E+00 0.5708E+00 0.2947E+00 0.4005E+00 0.8457E-01 0.1878E+01 0.9988E-01 0.2641E+00 0.0000E+00
0.0000E+00 0.1155E+01 0.7487E-01 0.7422E+00 0.1744E+00 0.1706E+00 0.2033E+01 0.7664E-01 0.1561E+00 0.1870E+00 0.6585E+00 0.5140E+00 0.3170E+00 0.5191E+00 0.8107E+00 0.4330E+00 0.4303E+00 0.2016E+00 0.2233E+01 0.1740E+00 0.4503E+00 0.0000E+00
0.0000E+00 0.1205E+01 0.1138E+00 0.9804E+00 0.3065E+00 0.2746E+00 0.2428E+01 0.1357E+00 0.1961E+00 0.2497E+00 0.7941E+00 0.7712E+00 0.4517E+00 0.5752E+00 0.9939E+00 0.2479E+01 0.6519E+00 0.2145E+00 0.2087E+01 0.4800E+00 0.4013E+00 0.0000E+00
0.0000E+00 0.1400E+01 0.1416E+00 0.7456E+00 0.3519E+00 0.4561E+00 0.2743E+01 0.1894E+00 0.2554E+00 0.2661E+00 0.8416E+00 0.1728E+01 0.1109E+01 0.6093E+00 0.4363E-01 0.1752E+01 0.1554E+01 0.3872E+00 0.2477E+01 0.5861E+00 0.3966E-01 0.0000E+00
0.0000E+00 0.1374E+01 0.2333E+00 0.8555E+00 0.2978E+00 0.4451E+00 0.3938E+01 0.2510E+00 0.4050E+00 0.3646E+00 0.7725E+00 0.1621E+01 0.3464E-01 0.2836E-01 0.3691E-01 0.7611E+00 0.6130E+00 0.3383E+00 0.2235E+01 0.7254E+00 0.1513E+00 0.0000E+00
0.0000E+00 0.1230E+01 0.1810E+00 0.1020E+01 0.4074E+00 0.5451E+00 0.2300E+01 0.2677E+00 0.4621E+00 0.4361E+00 0.7201E+00 0.1339E+01 0.8637E-01 0.6866E-01 0.1273E+00 0.7971E+00 0.5179E+00 0.3221E+00 0.1650E+01 0.7182E+00 0.2253E+00 0.0000E+00
0.0000E+00 0.1174E+01 0.3521E+00 0.1262E+01 0.5312E+00 0.4717E+00 0.1816E+01 0.1298E+01 0.9334E+00 0.5691E+00 0.6864E+00 0.1264E+01 0.1675E+00 0.1402E+00 0.1857E+00 0.1638E+01 0.6665E+00 0.4191E+00 0.2022E+01 0.6324E+00 0.2950E+00 0.0000E+00
0.0000E+00 0.1299E+01 0.2266E+00 0.9303E+00 0.5283E+00 0.5328E+00 0.2337E+01 0.7500E+00 0.8674E-01 0.5571E+00 0.1174E+01 0.1324E+01 0.2555E+00 0.1963E+00 0.1846E+00 0.1204E+01 0.3656E-01 0.3576E+00 0.1787E+01 0.5301E+00 0.2634E+00 0.0000E+00
0.0000E+00 0.1555E+01 0.3882E-01 0.8739E+00 0.5376E+00 0.6006E+00 0.2419E+01 0.4351E-01 0.9219E-01 0.4605E-01 0.1030E+01 0.1484E+01 0.3529E+00 0.3317E+00 0.2358E+00 0.9910E+00 0.6699E-01 0.4333E+00 0.1733E+01 0.5238E+00 0.2689E+00 0.0000E+00
0.0000E+00 0.1122E+01 0.4523E-01 0.6913E+00 0.5514E+00 0.5738E+00 0.2364E+01 0.1067E+00 0.1398E+00 0.7057E-01 0.9535E+00 0.1574E+01 0.4085E+00 0.4091E+00 0.2960E+00 0.1002E+01 0.9101E-01 0.3848E+00 0.1358E+01 0.5178E+00 0.3558E+00 0.0000E+00
0.0000E+00 0.1254E+01 0.1084E+00 0.1648E+01 0.6236E+00 0.8007E+00 0.2453E+01 0.1878E+00 0.2010E+00 0.1347E+00 0.1473E+01 0.1318E+01 0.3760E+00 0.3334E+00 0.2742E+00 0.1435E+01 0.1300E+00 0.3672E+00 0.1212E+01 0.4595E+00 0.3938E+00 0.0000E+00
0.0000E+00 0.1223E+01 0.1619E+01 0.1717E+01 0.3938E-01 0.5913E+00 0.2612E+01 0.3029E+00 0.2823E+00 0.1296E+01 0.1189E+01 0.1422E+01 0.1973E+01 0.1848E+01 0.1685E+01 0.3331E+01 0.3182E+00 0.5759E+00 0.1823E+01 0.5802E+00 0.5426E+00 0.0000E+00
0.0000E+00 0.1011E+01 0.1094E+01 0.5713E-01 0.5353E-01 0.5372E+00 0.2659E+01 0.3263E+00 0.4590E+00 0.1902E+01 0.7952E-01 0.1119E+01 0.2195E+01 0.6122E-01 0.7421E-01 0.4759E-01 0.5312E-01 0.4903E+00 0.1621E+01 0.7115E+00 0.5316E+00 0.0000E+00
0.0000E+00 0.1017E+01 0.1097E+01 0.8513E-01 0.1467E+00 0.9203E+00 0.2071E+01 0.3384E-01 0.3226E+00 0.1120E+01 0.1295E+00 0.1204E+01 0.1760E+01 0.8375E-01 0.1055E+00 0.7542E-01 0.8082E-01 0.4086E+00 0.1290E+01 0.6898E+00 0.5693E+00 0.0000E+00
0.0000E+00 0.1063E+01 0.1108E+01 0.1599E+00 0.1505E+00 0.6031E+00 0.2071E+01 0.8325E-01 0.2751E+00 0.8599E+00 0.2175E+00 0.9823E+00 0.1600E+01 0.1928E+00 0.1729E+00 0.1511E+00 0.1485E+00 0.5580E+00 0.1263E+01 0.6373E+00 0.6574E+00 0.0000E+00
0.0000E+00 0.1003E+01 0.1131E+01 0.2548E+00 0.2198E+00 0.7170E+00 0.4033E+01 0.1833E+00 0.4448E+00 0.1101E+01 0.2884E+00 0.1029E+01 0.1740E+01 0.2927E+00 0.2183E+00 0.1853E+00 0.2212E+00 0.6309E+00 0.1342E+01 0.1014E+01 0.6810E+00 0.0000E+00
0.0000E+00 0.1038E+01 0.1156E+01 0.2804E+00 0.3707E+00 0.7001E+00 0.1911E+01 0.5620E+00 0.4084E+00 0.1029E+01 0.3997E+00 0.1339E+01 0.1730E+01 0.3765E+00 0.3213E+00 0.2696E+00 0.2968E+00 0.6755E+00 0.1483E+01 0.1088E+01 0.4324E-01 0.0000E+00
0.0000E+00 0.9218E+00 0.1018E+01 0.3207E+00 0.3497E+00 0.6786E+00 0.2065E+01 0.4646E+00 0.4374E-01 0.8784E+00 0.1644E+01 0.3289E+01 0.1951E+01 0.4105E+00 0.3733E+00 0.3766E+00 0.8766E+00 0.7828E+00 0.1503E+01 0.1482E+01 0.5748E-01 0.0000E+00
0.0000E+00 0.8798E+00 0.1048E+01 0.4704E+00 0.4660E+00 0.7759E+00 0.2635E+01 0.3782E-01 0.8350E-01 0.8721E+00 0.1112E+01 0.3061E-01 0.1473E+01 0.4431E+00 0.2971E+00 0.3649E-01 0.1165E+01 0.2306E+01 0.1249E+01 0.1492E+01 0.3299E-01 0.0000E+00
0.0000E+00 0.1471E+01 0.1503E+01 0.5418E+00 0.4902E+00 0.9143E+00 0.2423E+01 0.3107E-01 0.1171E+00 0.9506E+00 0.1255E+01 0.6750E-01 0.1511E+01 0.5860E+00 0.3574E+00 0.9208E-01 0.4400E-01 0.1523E+01 0.4490E-01 0.9382E+00 0.8448E-01 0.0000E+00
0.0000E+00 0.1110E+01 0.1161E+01 0.5542E+00 0.6107E+00 0.8485E+00 0.2358E+01 0.8711E-01 0.1939E+00 0.8067E+00 0.1879E+01 0.1555E+00 0.1784E+01 0.6605E+00 0.4058E+00 0.1663E+00 0.9233E-01 0.1439E+01 0.1172E+00 0.9558E+00 0.1611E+00 0.0000E+00
0.0000E+00 0.6704E+00 0.9533E+00 0.5783E+00 0.7295E+00 0.7381E+00 0.1766E+01 0.1457E+00 0.1974E+00 0.7396E+00 0.1328E+01 0.5083E-01 0.1381E+01 0.7421E+00 0.5009E+00 0.2048E+00 0.1537E+00 0.1741E+01 0.2297E+00 0.1352E+01 0.1956E+00 0.0000E+00
0.0000E+00 0.6780E+00 0.1124E+01 0.6757E+00 0.6620E+00 0.8226E+00 0.2268E+01 0.1549E+00 0.3097E+00 0.1002E+01 0.1361E+01 0.7770E-01 0.1293E+01 0.7581E+00 0.5418E+00 0.2556E+00 0.2407E+00 0.4606E+01 0.5446E+00 0.1532E+01 0.3351E-01 0.0000E+00
0.0000E+00 0.6986E+00 0.1134E+01 0.7446E+00 0.7646E+00 0.8638E+00 0.1929E+01 0.1986E+00 0.3683E+00 0.9212E+00 0.1279E+01 0.1244E+00 0.1228E+01 0.7191E+00 0.7577E+00 0.2089E+01 0.1824E+01 0.1688E+01 0.6062E-01 0.1355E+01 0.1167E+00 0.0000E+00
0.0000E+00 0.6235E+00 0.9656E+00 0.6622E+00 0.7701E+00 0.1142E+01 0.2066E+01 0.2377E+00 0.3390E+00 0.7304E+00 0.1194E+01 0.1832E+00 0.1425E+01 0.1432E+01 0.6406E+00 0.1679E+01 0.7120E-01 0.5450E-01 0.9023E-01 0.1031E+01 0.1587E+00 0.0000E+00
0.0000E+00 0.7883E+00 0.9939E+00 0.8116E+00 0.8206E+00 0.9164E+00 0.1886E+01 0.2496E+00 0.3822E+00 0.7774E+00 0.1745E+01 0.3660E+00 0.1441E+01 0.1445E+01 0.9092E-01 0.1860E+01 0.1696E+00 0.1728E+00 0.2882E+00 0.1162E+01 0.1998E+00 0.0000E+00
0.0000E+00 0.7084E+00 0.1023E+01 0.6287E+00 0.8381E+00 0.8494E+00 0.1673E+01 0.6877E+00 0.5323E+00 0.8844E+00 0.1533E+01 0.4363E-01 0.1318E+01 0.1123E+01 0.1410E+00 0.1740E+01 0.1916E+00 0.2118E+00 0.2182E+00 0.9909E+00 0.3738E+00 0.0000E+00
0.0000E+00 0.5811E+00 0.9020E+00 0.7029E+00 0.9084E+00 0.9920E+00 0.1423E+01 0.3553E+00 0.4826E+00 0.8878E+00 0.1327E+01 0.8802E-01 0.1623E+01 0.1536E+01 0.2041E+00 0.1553E+01 0.2403E+00 0.2445E+00 0.2592E+00 0.1645E+01 0.3683E+00 0.0000E+00
0.0000E+00 0.6005E+00 0.9723E+00 0.1874E+01 0.8884E+00 0.7955E+00 0.1330E+01 0.2862E+00 0.3892E+00 0.1000E+01 0.1691E+01 0.1568E+00 0.1380E+01 0.1467E+01 0.1783E+01 0.1762E+01 0.3240E+00 0.2842E+00 0.3418E+00 0.1616E+01 0.7775E-01 0.0000E+00
0.0000E+00 0.8085E+00 0.1337E+01 0.1520E+01 0.7321E-01 0.8646E+00 0.1369E+01 0.3625E+00 0.4468E+00 0.9334E+00 0.1464E+01 0.1974E+00 0.1200E+01 0.1561E+01 0.1710E+01 0.3525E-01 0.3978E+00 0.3658E+00 0.3050E+00 0.1079E+01 0.4362E-01 0.0000E+00
0.0000E+00 0.8413E+00 0.1119E+01 0.1470E+01 0.1425E+00 0.2515E+01 0.1616E+01 0.3749E+00 0.4979E+00 0.8768E+00 0.1291E+01 0.2128E+00 0.1215E+01 0.1379E+01 0.1669E+01 0.6652E-01 0.4642E+00 0.3557E+00 0.3234E+00 0.1322E+01 0.6846E-01 0.0000E+00
0.0000E+00 0.9250E+00 0.1432E+01 0.2246E+01 0.2846E+00 0.2703E+01 0.6235E-01 0.5793E+00 0.2865E+01 0.1936E+01 0.1345E+01 0.2978E+01 0.2754E+01 0.1873E+01 0.2613E+01 0.4209E+00 0.3926E+00 0.7973E+00 0.4621E+00 0.1691E+01 0.1413E+00 0.0000E+00
-.9999E+04 -.9999E+04 -.9999E+04 -.9999E+04 -.9999E+04 -.9999E+04 -.9999E+04 -.9999E+04 -.9999E+04 -.9999E+04 -.9999E+04 -.9999E+04 -.9999E+04 -.9999E+04 -.9999E+04 -.9999E+04 -.9999E+04 -.9999E+04 -.9999E+04 -.9999E+04 -.9999E+04 -.9999E+04
