Output/depth002.asc
ncols     22
nrows     62
xllcorner      0.00000000
yllcorner      0.00000000
cellsize      0.50000000
nodata_value -9999
0.0000E+00 0.0000E+00 0.0000E+00 0.0000E+00 0.0000E+00 0.0000E+00 0.0000E+00 0.0000E+00 0.0000E+00 0.0000E+00 0.0000E+00 0.0000E+00 0.0000E+00 0.0000E+00 0.0000E+00 0.0000E+00 0.0000E+00 0.0000E+00 0.0000E+00 0.0000E+00 0.0000E+00 0.0000E+00
0.0000E+00 0.8435E-01 0.8391E-01 0.4988E-01 0.3784E-01 0.5635E-01 0.4087E-01 0.7801E-01 0.6993E-01 0.5966E-01 0.5404E-01 0.3459E-01 0.3470E-01 0.3600E-01 0.3353E-01 0.7443E-01 0.7437E-01 0.3615E-01 0.3965E-01 0.7766E-01 0.1210E+00 0.0000E+00
0.0000E+00 0.1270E+00 0.1144E+00 0.6310E-01 0.6383E-01 0.1183E+00 0.4170E-01 0.1042E+00 0.1138E+00 0.9483E-01 0.9477E-01 0.9470E-01 0.1153E+00 0.8395E-01 0.8579E-01 0.7946E-01 0.8707E-01 0.9276E-01 0.1075E+00 0.1239E+00 0.2065E+00 0.0000E+00
0.0000E+00 0.1663E+00 0.1880E+00 0.9427E-01 0.1161E+00 0.1388E+00 0.7182E-01 0.1975E+00 0.1967E+00 0.1371E+00 0.1459E+00 0.1441E+00 0.1725E+00 0.1405E+00 0.1110E+00 0.7543E-01 0.9768E-01 0.1126E+00 0.1868E+00 0.2035E+00 0.2397E+00 0.0000E+00
0.0000E+00 0.2252E+00 0.2110E+00 0.1303E+00 0.1451E+00 0.1762E+00 0.1043E+00 0.1701E+00 0.1923E+00 0.1916E+00 0.1725E+00 0.1262E+00 0.1918E+00 0.1993E+00 0.1398E+00 0.9449E-01 0.1231E+00 0.1739E+00 0.4448E+00 0.3081E+00 0.2531E+00 0.0000E+00
0.0000E+00 0.3076E+00 0.2644E+00 0.1512E+00 0.1759E+00 0.2211E+00 0.1270E+00 0.1766E+00 0.2037E+00 0.1842E+00 0.2099E+00 0.1655E+00 0.2002E+00 0.1753E+00 0.1802E+00 0.1797E+00 0.1669E+00 0.1853E+00 0.3058E+00 0.2643E+00 0.2684E+00 0.0000E+00
0.0000E+00 0.2957E+00 0.2919E+00 0.1685E+00 0.1971E+00 0.2662E+00 0.1517E+00 0.2282E+00 0.2377E+00 0.2206E+00 0.2625E+00 0.2318E+00 0.2724E+00 0.2002E+00 0.1974E+00 0.2513E+00 0.2773E+00 0.2057E+00 0.3263E+00 0.3705E+00 0.4121E+00 0.0000E+00
0.0000E+00 0.4405E+00 0.3499E+00 0.2592E+00 0.2610E+00 0.3295E+00 0.1903E+00 0.1983E+00 0.2662E+00 0.2896E+00 0.2416E+00 0.1996E+00 0.3102E+00 0.2613E+00 0.2386E+00 0.2812E+00 0.3514E+00 0.2407E+00 0.4731E+00 0.5607E+00 0.4163E+00 0.0000E+00
0.0000E+00 0.3122E+00 0.4823E+00 0.3454E+00 0.2736E+00 0.4088E+00 0.4650E+00 0.2645E+00 0.2388E+00 0.2917E+00 0.3858E+00 0.2252E+00 0.3059E+00 0.3644E+00 0.3875E+00 0.3816E+00 0.3337E+00 0.3238E+00 0.5615E+00 0.4862E+00 0.4145E+00 0.0000E+00
0.0000E+00 0.3106E+00 0.4130E+00 0.2766E+00 0.2604E+00 0.4529E+00 0.3435E+00 0.2783E+00 0.2364E+00 0.2534E+00 0.3116E+00 0.2046E+00 0.2877E+00 0.3176E+00 0.3138E+00 0.3893E+00 0.3844E+00 0.3743E+00 0.6646E+00 0.5187E+00 0.4416E+00 0.0000E+00
0.0000E+00 0.5769E+00 0.4213E+00 0.3007E+00 0.4017E+00 0.4328E+00 0.2684E+00 0.2826E+00 0.3453E+00 0.3162E+00 0.3189E+00 0.2667E+00 0.4215E+00 0.3135E+00 0.2889E+00 0.4234E+00 0.4485E+00 0.3103E+00 0.5549E+00 0.5361E+00 0.4815E+00 0.0000E+00
0.0000E+00 0.5193E+00 0.5685E+00 0.3903E+00 0.4123E+00 0.4947E+00 0.3421E+00 0.2980E+00 0.4382E+00 0.2858E+00 0.3507E+00 0.4429E+00 0.5319E+00 0.3382E+00 0.3927E+00 0.6162E+00 0.4620E+00 0.4065E+00 0.7596E+00 0.6752E+00 0.5207E+00 0.0000E+00
0.0000E+00 0.3843E+00 0.4887E+00 0.4330E+00 0.4464E+00 0.4690E+00 0.3861E+00 0.3203E+00 0.3157E+00 0.3472E+00 0.4059E+00 0.4114E+00 0.5382E+00 0.4081E+00 0.3426E+00 0.4926E+00 0.7044E+00 0.6052E+00 0.7411E+00 0.5320E+00 0.4914E+00 0.0000E+00
0.0000E+00 0.5792E+00 0.7007E+00 0.3687E+00 0.4512E+00 0.5584E+00 0.3486E+00 0.5893E+00 0.5235E+00 0.5059E+00 0.1796E+01 0.3664E+00 0.4377E+00 0.3501E+00 0.3451E+00 0.4899E+00 0.4121E+00 0.4232E+00 0.7244E+00 0.5841E+00 0.5156E+00 0.0000E+00
0.0000E+00 0.4817E+00 0.8902E+00 0.4073E+00 0.5215E+00 0.6330E+00 0.4043E+00 0.6159E+00 0.3670E-01 0.3247E-01 0.5529E+00 0.2935E+00 0.4428E+00 0.5167E+00 0.4398E+00 0.5656E+00 0.3991E+00 0.3707E+00 0.7471E+00 0.7116E+00 0.4486E+00 0.0000E+00
0.0000E+00 0.4660E+00 0.5333E+00 0.4054E+00 0.5036E+00 0.5274E+00 0.5115E+00 0.6396E+00 0.6344E-01 0.5901E-01 0.5388E+00 0.3461E+00 0.5222E+00 0.5271E+00 0.5725E+00 0.7770E+00 0.5751E+00 0.4856E+00 0.8552E+00 0.6448E+00 0.4927E+00 0.0000E+00
0.0000E+00 0.5161E+00 0.5150E+00 0.3754E+00 0.5403E+00 0.5936E+00 0.4033E+00 0.5060E+00 0.1262E+00 0.1164E+00 0.5964E+00 0.3244E+00 0.4256E+00 0.3786E+00 0.3645E+00 0.6100E+00 0.5478E+00 0.4239E+00 0.7813E+00 0.6580E+00 0.5143E+00 0.0000E+00
0.0000E+00 0.5123E+00 0.1019E+01 0.7017E+00 0.6889E+00 0.7096E+00 0.5176E+00 0.5996E+00 0.2527E+00 0.2089E+00 0.6913E+00 0.3950E+00 0.4831E+00 0.3762E+00 0.3343E+00 0.4588E+00 0.5063E+00 0.3972E+00 0.7288E+00 0.5816E+00 0.4783E+00 0.0000E+00
0.0000E+00 0.5459E+00 0.7635E+00 0.5853E+00 0.6000E+00 0.5558E+00 0.5431E+00 0.9022E+00 0.3194E+00 0.3798E+00 0.7168E+00 0.3815E+00 0.4497E+00 0.4074E+00 0.4060E+00 0.4341E+00 0.5125E+00 0.5350E+00 0.7380E+00 0.5925E+00 0.4120E+00 0.0000E+00
0.0000E+00 0.7720E+00 0.7288E+00 0.5644E+00 0.1184E+01 0.6147E+00 0.5023E+00 0.1123E+01 0.4187E-01 0.3548E+00 0.8213E+00 0.3811E+00 0.5740E+00 0.6180E+00 0.6525E+00 0.6048E+00 0.5644E+00 0.4849E+00 0.6202E+00 0.4765E+00 0.4055E+00 0.0000E+00
0.0000E+00 0.6318E+00 0.7626E+00 0.7623E+00 0.9848E+00 0.1352E+01 0.1601E+01 0.8916E+00 0.1348E+00 0.4465E+00 0.7887E+00 0.5995E+00 0.8681E+00 0.6081E+00 0.1627E+01 0.1235E+01 0.7561E+00 0.4836E+00 0.7251E+00 0.6394E+00 0.5323E+00 0.0000E+00
0.0000E+00 0.8281E+00 0.7008E+00 0.5217E+00 0.5067E-01 0.2255E+01 0.1678E+01 0.5564E-01 0.1576E+00 0.6961E+00 0.9847E+00 0.9859E+00 0.8997E+00 0.5149E+00 0.8684E+00 0.6700E-01 0.7745E+00 0.1134E+01 0.8353E+00 0.6183E+00 0.5849E+00 0.0000E+00
0.0000E+00 0.7923E+00 0.7047E+00 0.5637E+00 0.1233E+00 0.2708E+01 0.4995E-01 0.2726E-01 0.1805E+00 0.6011E+00 0.9128E+00 0.9000E+00 0.4716E-01 0.5468E+00 0.7811E+00 0.4796E-01 0.5692E-01 0.1066E+01 0.7656E+00 0.5109E+00 0.6571E+00 0.0000E+00
0.0000E+00 0.6782E+00 0.9090E+00 0.1022E+01 0.1979E+00 0.2186E+01 0.9054E-01 0.8361E-01 0.1982E+00 0.5179E+00 0.7851E+00 0.8074E+00 0.6140E-01 0.4381E+00 0.8235E+00 0.1067E+00 0.1052E+00 0.1234E+01 0.1043E+01 0.1965E+01 0.5477E+00 0.0000E+00
0.0000E+00 0.1026E+01 0.8015E+00 0.8930E+00 0.3806E-01 0.1800E+01 0.1179E+00 0.4695E+00 0.3963E+00 0.8722E+00 0.9761E+00 0.7664E+00 0.1063E+00 0.4834E+00 0.1084E+01 0.2456E+00 0.2253E+00 0.1992E+01 0.1263E+01 0.2048E+01 0.6102E-01 0.0000E+00
0.0000E+00 0.1023E+01 0.7607E+00 0.8186E+00 0.9746E-01 0.1797E+01 0.1136E+00 0.2897E+00 0.3411E-01 0.7072E+00 0.1013E+01 0.9833E+00 0.1570E+00 0.7368E+00 0.1081E+01 0.2223E+00 0.2668E+00 0.1222E+01 0.8581E+00 0.1039E+01 0.1027E+00 0.0000E+00
0.0000E+00 0.7498E+00 0.1059E+01 0.8361E+00 0.1542E+00 0.3854E+01 0.2499E+01 0.3284E+00 0.6647E-01 0.7855E+00 0.9517E+00 0.7035E+00 0.1603E+00 0.8210E+00 0.9005E+00 0.2558E+00 0.3133E+00 0.1199E+01 0.8222E+00 0.1063E+01 0.1719E+00 0.0000E+00
0.0000E+00 0.2094E+01 0.1013E+01 0.9523E+00 0.4612E-01 0.1046E+00 0.4838E+01 0.1070E+01 0.6354E+00 0.6216E+00 0.1091E+01 0.7535E+00 0.2028E+00 0.4970E+00 0.8883E+00 0.3336E+00 0.3430E+00 0.2365E+01 0.4823E+01 0.1317E+01 0.2544E+00 0.0000E+00
0.0000E+00 0.3035E+01 0.5372E-01 0.9908E+00 0.1045E+00 0.8938E-01 0.3303E+01 0.6551E-01 0.6731E-01 0.4226E-01 0.9063E+00 0.1052E+01 0.3115E+00 0.5086E+00 0.6032E+00 0.2870E+00 0.3321E+00 0.5032E-01 0.2279E+01 0.6281E-01 0.2394E+00 0.0000E+00
0.0000E+00 0.1341E+01 0.5512E-01 0.9594E+00 0.2537E+00 0.1775E+00 0.2181E+01 0.3177E-01 0.9631E-01 0.5568E-01 0.6191E+00 0.6124E+00 0.3461E+00 0.4987E+00 0.5626E+00 0.2929E+00 0.3994E+00 0.8411E-01 0.1867E+01 0.9920E-01 0.2629E+00 0.0000E+00
0.0000E+00 0.1149E+01 0.7418E-01 0.7377E+00 0.1734E+00 0.1697E+00 0.2023E+01 0.7610E-01 0.1554E+00 0.1856E+00 0.6535E+00 0.5081E+00 0.3146E+00 0.5132E+00 0.7990E+00 0.4302E+00 0.4290E+00 0.2007E+00 0.2219E+01 0.1729E+00 0.4484E+00 0.0000E+00
0.0000E+00 0.1199E+01 0.1127E+00 0.9745E+00 0.3049E+00 0.2730E+00 0.2416E+01 0.1349E+00 0.1951E+00 0.2481E+00 0.7880E+00 0.7622E+00 0.4487E+00 0.5691E+00 0.9797E+00 0.2453E+01 0.6496E+00 0.2136E+00 0.2074E+01 0.4781E+00 0.3997E+00 0.0000E+00
0.0000E+00 0.1392E+01 0.1403E+00 0.7413E+00 0.3503E+00 0.4538E+00 0.2729E+01 0.1884E+00 0.2541E+00 0.2646E+00 0.8354E+00 0.1712E+01 0.1100E+01 0.6032E+00 0.4296E-01 0.1734E+01 0.1549E+01 0.3859E+00 0.2463E+01 0.5840E+00 0.3927E-01 0.0000E+00
0.0000E+00 0.1367E+01 0.2309E+00 0.8506E+00 0.2965E+00 0.4432E+00 0.3917E+01 0.2498E+00 0.4030E+00 0.3628E+00 0.7671E+00 0.1607E+01 0.3411E-01 0.2791E-01 0.3657E-01 0.7533E+00 0.6111E+00 0.3372E+00 0.2221E+01 0.7230E+00 0.1502E+00 0.0000E+00
0.0000E+00 0.1224E+01 0.1791E+00 0.1014E+01 0.4055E+00 0.5431E+00 0.2288E+01 0.2665E+00 0.4600E+00 0.4341E+00 0.7154E+00 0.1328E+01 0.8548E-01 0.6776E-01 0.1264E+00 0.7889E+00 0.5164E+00 0.3211E+00 0.1640E+01 0.7160E+00 0.2239E+00 0.0000E+00
0.0000E+00 0.1168E+01 0.3479E+00 0.1255E+01 0.5287E+00 0.4701E+00 0.1806E+01 0.1294E+01 0.9301E+00 0.5667E+00 0.6821E+00 0.1254E+01 0.1662E+00 0.1388E+00 0.1845E+00 0.1625E+01 0.6646E+00 0.4179E+00 0.2010E+01 0.6304E+00 0.2936E+00 0.0000E+00
0.0000E+00 0.1291E+01 0.2237E+00 0.9253E+00 0.5258E+00 0.5312E+00 0.2325E+01 0.7481E+00 0.8619E-01 0.5550E+00 0.1168E+01 0.1314E+01 0.2538E+00 0.1946E+00 0.1834E+00 0.1195E+01 0.3600E-01 0.3566E+00 0.1776E+01 0.5283E+00 0.2623E+00 0.0000E+00
0.0000E+00 0.1545E+01 0.3822E-01 0.8693E+00 0.5352E+00 0.5989E+00 0.2407E+01 0.4313E-01 0.9162E-01 0.4559E-01 0.1025E+01 0.1472E+01 0.3509E+00 0.3293E+00 0.2343E+00 0.9833E+00 0.6618E-01 0.4322E+00 0.1722E+01 0.5216E+00 0.2678E+00 0.0000E+00
0.0000E+00 0.1115E+01 0.4489E-01 0.6876E+00 0.5491E+00 0.5722E+00 0.2352E+01 0.1059E+00 0.1390E+00 0.6997E-01 0.9491E+00 0.1561E+01 0.4065E+00 0.4066E+00 0.2940E+00 0.9936E+00 0.9002E-01 0.3838E+00 0.1350E+01 0.5154E+00 0.3543E+00 0.0000E+00
0.0000E+00 0.1245E+01 0.1078E+00 0.1640E+01 0.6210E+00 0.7984E+00 0.2441E+01 0.1866E+00 0.1999E+00 0.1337E+00 0.1467E+01 0.1306E+01 0.3743E+00 0.3316E+00 0.2723E+00 0.1423E+01 0.1286E+00 0.3662E+00 0.1204E+01 0.4571E+00 0.3922E+00 0.0000E+00
0.0000E+00 0.1214E+01 0.1612E+01 0.1709E+01 0.3884E-01 0.5895E+00 0.2599E+01 0.3014E+00 0.2808E+00 0.1290E+01 0.1183E+01 0.1409E+01 0.1960E+01 0.1835E+01 0.1672E+01 0.3303E+01 0.3152E+00 0.5740E+00 0.1811E+01 0.5769E+00 0.5403E+00 0.0000E+00
0.0000E+00 0.1003E+01 0.1089E+01 0.5671E-01 0.5278E-01 0.5355E+00 0.2645E+01 0.3249E+00 0.4567E+00 0.1891E+01 0.7888E-01 0.1108E+01 0.2181E+01 0.6060E-01 0.7369E-01 0.4709E-01 0.5254E-01 0.4884E+00 0.1609E+01 0.7074E+00 0.5295E+00 0.0000E+00
0.0000E+00 0.1009E+01 0.1091E+01 0.8454E-01 0.1451E+00 0.9172E+00 0.2060E+01 0.3356E-01 0.3210E+00 0.1114E+01 0.1286E+00 0.1192E+01 0.1749E+01 0.8293E-01 0.1049E+00 0.7474E-01 0.8006E-01 0.4068E+00 0.1280E+01 0.6857E+00 0.5671E+00 0.0000E+00
0.0000E+00 0.1054E+01 0.1102E+01 0.1587E+00 0.1490E+00 0.6011E+00 0.2059E+01 0.8262E-01 0.2737E+00 0.8546E+00 0.2161E+00 0.9728E+00 0.1590E+01 0.1911E+00 0.1720E+00 0.1500E+00 0.1473E+00 0.5555E+00 0.1253E+01 0.6335E+00 0.6552E+00 0.0000E+00
0.0000E+00 0.9931E+00 0.1125E+01 0.2531E+00 0.2178E+00 0.7145E+00 0.4009E+01 0.1822E+00 0.4424E+00 0.1094E+01 0.2868E+00 0.1019E+01 0.1730E+01 0.2905E+00 0.2172E+00 0.1840E+00 0.2198E+00 0.6280E+00 0.1330E+01 0.1009E+01 0.6789E+00 0.0000E+00
0.0000E+00 0.1027E+01 0.1150E+01 0.2788E+00 0.3678E+00 0.6976E+00 0.1899E+01 0.5584E+00 0.4059E+00 0.1022E+01 0.3979E+00 0.1327E+01 0.1720E+01 0.3740E+00 0.3198E+00 0.2677E+00 0.2952E+00 0.6726E+00 0.1469E+01 0.1083E+01 0.4286E-01 0.0000E+00
0.0000E+00 0.9111E+00 0.1013E+01 0.3190E+00 0.3473E+00 0.6762E+00 0.2052E+01 0.4615E+00 0.4340E-01 0.8724E+00 0.1633E+01 0.3264E+01 0.1940E+01 0.4081E+00 0.3717E+00 0.3741E+00 0.8720E+00 0.7795E+00 0.1487E+01 0.1475E+01 0.5703E-01 0.0000E+00
0.0000E+00 0.8686E+00 0.1042E+01 0.4681E+00 0.4631E+00 0.7731E+00 0.2617E+01 0.3754E-01 0.8287E-01 0.8661E+00 0.1105E+01 0.3014E-01 0.1464E+01 0.4407E+00 0.2959E+00 0.3596E-01 0.1160E+01 0.2287E+01 0.1234E+01 0.1485E+01 0.3246E-01 0.0000E+00
0.0000E+00 0.1450E+01 0.1494E+01 0.5393E+00 0.4874E+00 0.9109E+00 0.2405E+01 0.3080E-01 0.1162E+00 0.9440E+00 0.1247E+01 0.6676E-01 0.1501E+01 0.5831E+00 0.3560E+00 0.9115E-01 0.4367E-01 0.1511E+01 0.4454E-01 0.9338E+00 0.8360E-01 0.0000E+00
0.0000E+00 0.1092E+01 0.1154E+01 0.5519E+00 0.6076E+00 0.8451E+00 0.2340E+01 0.8648E-01 0.1925E+00 0.8010E+00 0.1869E+01 0.1542E+00 0.1773E+01 0.6576E+00 0.4042E+00 0.1650E+00 0.9169E-01 0.1428E+01 0.1163E+00 0.9511E+00 0.1598E+00 0.0000E+00
0.0000E+00 0.6588E+00 0.9471E+00 0.5761E+00 0.7261E+00 0.7350E+00 0.1752E+01 0.1448E+00 0.1961E+00 0.7343E+00 0.1320E+01 0.5044E-01 0.1372E+01 0.7391E+00 0.4988E+00 0.2034E+00 0.1527E+00 0.1729E+01 0.2282E+00 0.1345E+01 0.1943E+00 0.0000E+00
0.0000E+00 0.6656E+00 0.1116E+01 0.6732E+00 0.6591E+00 0.8188E+00 0.2249E+01 0.1539E+00 0.3079E+00 0.9941E+00 0.1354E+01 0.7719E-01 0.1284E+01 0.7554E+00 0.5394E+00 0.2538E+00 0.2394E+00 0.4581E+01 0.5422E+00 0.1524E+01 0.3299E-01 0.0000E+00
0.0000E+00 0.6853E+00 0.1127E+01 0.7419E+00 0.7613E+00 0.8596E+00 0.1912E+01 0.1974E+00 0.3663E+00 0.9139E+00 0.1272E+01 0.1237E+00 0.1219E+01 0.7169E+00 0.7543E+00 0.2079E+01 0.1815E+01 0.1680E+01 0.6020E-01 0.1347E+01 0.1155E+00 0.0000E+00
0.0000E+00 0.6114E+00 0.9591E+00 0.6600E+00 0.7670E+00 0.1137E+01 0.2047E+01 0.2364E+00 0.3373E+00 0.7244E+00 0.1189E+01 0.1822E+00 0.1415E+01 0.1427E+01 0.6379E+00 0.1670E+01 0.7063E-01 0.5402E-01 0.8965E-01 0.1025E+01 0.1574E+00 0.0000E+00
0.0000E+00 0.7734E+00 0.9873E+00 0.8091E+00 0.8174E+00 0.9119E+00 0.1869E+01 0.2483E+00 0.3804E+00 0.7707E+00 0.1736E+01 0.3641E+00 0.1430E+01 0.1440E+01 0.9019E-01 0.1851E+01 0.1685E+00 0.1717E+00 0.2867E+00 0.1155E+01 0.1983E+00 0.0000E+00
0.0000E+00 0.6956E+00 0.1017E+01 0.6269E+00 0.8351E+00 0.8452E+00 0.1657E+01 0.6847E+00 0.5300E+00 0.8764E+00 0.1526E+01 0.4295E-01 0.1308E+01 0.1120E+01 0.1400E+00 0.1732E+01 0.1905E+00 0.2107E+00 0.2172E+00 0.9851E+00 0.3715E+00 0.0000E+00
0.0000E+00 0.5713E+00 0.8960E+00 0.7010E+00 0.9054E+00 0.9874E+00 0.1410E+01 0.3538E+00 0.4807E+00 0.8796E+00 0.1321E+01 0.8708E-01 0.1610E+01 0.1532E+01 0.2029E+00 0.1546E+01 0.2392E+00 0.2433E+00 0.2580E+00 0.1635E+01 0.3663E+00 0.0000E+00
0.0000E+00 0.5912E+00 0.9657E+00 0.1868E+01 0.8856E+00 0.7918E+00 0.1318E+01 0.2851E+00 0.3877E+00 0.9910E+00 0.1684E+01 0.1555E+00 0.1369E+01 0.1463E+01 0.1775E+01 0.1754E+01 0.3226E+00 0.2830E+00 0.3404E+00 0.1606E+01 0.7720E-01 0.0000E+00
0.0000E+00 0.7971E+00 0.1328E+01 0.1516E+01 0.7258E-01 0.8608E+00 0.1356E+01 0.3611E+00 0.4451E+00 0.9252E+00 0.1459E+01 0.1960E+00 0.1190E+01 0.1558E+01 0.1703E+01 0.3471E-01 0.3963E+00 0.3643E+00 0.3038E+00 0.1073E+01 0.4321E-01 0.0000E+00
0.0000E+00 0.8307E+00 0.1111E+01 0.1467E+01 0.1414E+00 0.2497E+01 0.1601E+01 0.3735E+00 0.4960E+00 0.8694E+00 0.1287E+01 0.2114E+00 0.1205E+01 0.1376E+01 0.1662E+01 0.6575E-01 0.4627E+00 0.3541E+00 0.3221E+00 0.1314E+01 0.6790E-01 0.0000E+00
0.0000E+00 0.9143E+00 0.1422E+01 0.2240E+01 0.2829E+00 0.2685E+01 0.6199E-01 0.5770E+00 0.2852E+01 0.1927E+01 0.1341E+01 0.2964E+01 0.2741E+01 0.1870E+01 0.2602E+01 0.4192E+00 0.3913E+00 0.7935E+00 0.4601E+00 0.1681E+01 0.1404E+00 0.0000E+00
-.9999E+04 -.9999E+04 -.9999E+04 -.9999E+04 -.9999E+04 -.9999E+04 -.9999E+04 -.9999E+04 -.9999E+04 -.9999E+04 -.9999E+04 -.9999E+04 -.9999E+04 -.9999E+04 -.9999E+04 -.9999E+04 -.9999E+04 -.9999E+04 -.9999E+04 -.9999E+04 -.9999E+04 -.9999E+04
