Output/depth001.asc
ncols     22
nrows     62
xllcorner      0.00000000
yllcorner      0.00000000
cellsize      0.50000000
nodata_value -9999
0.0000E+00 0.0000E+00 0.0000E+00 0.0000E+00 0.0000E+00 0.0000E+00 0.0000E+00 0.0000E+00 0.0000E+00 0.0000E+00 0.0000E+00 0.0000E+00 0.0000E+00 0.0000E+00 0.0000E+00 0.0000E+00 0.0000E+00 0.0000E+00 0.0000E+00 0.0000E+00 0.0000E+00 0.0000E+00
0.0000E+00 0.2630E+00 0.2914E+00 0.2604E+00 0.1814E+00 0.1232E+00 0.1911E+00 0.3974E+00 0.1943E+00 0.2080E+00 0.2480E+00 0.1913E+00 0.1159E+00 0.1608E+00 0.1880E+00 0.3553E+00 0.2429E+00 0.1976E+00 0.1839E+00 0.1612E+00 0.1459E+00 0.0000E+00
0.0000E+00 0.3327E+00 0.3771E+00 0.2868E+00 0.2873E+00 0.2963E+00 0.1940E+00 0.4837E+00 0.3437E+00 0.3977E+00 0.3059E+00 0.3914E+00 0.4408E+00 0.3199E+00 0.4949E+00 0.3687E+00 0.3677E+00 0.3418E+00 0.3271E+00 0.3289E+00 0.4045E+00 0.0000E+00
0.0000E+00 0.4339E+00 0.4801E+00 0.4595E+00 0.4544E+00 0.3784E+00 0.3653E+00 0.8022E+00 0.5367E+00 0.5351E+00 0.4613E+00 0.6084E+00 0.5503E+00 0.5242E+00 0.4976E+00 0.2779E+00 0.3874E+00 0.4264E+00 0.4739E+00 0.5957E+00 0.4510E+00 0.0000E+00
0.0000E+00 0.5683E+00 0.5281E+00 0.5847E+00 0.5602E+00 0.4509E+00 0.5114E+00 0.6329E+00 0.6191E+00 0.7124E+00 0.5606E+00 0.4707E+00 0.5805E+00 0.6521E+00 0.5485E+00 0.3640E+00 0.5350E+00 0.6554E+00 0.9411E+00 0.7922E+00 0.4533E+00 0.0000E+00
0.0000E+00 0.7582E+00 0.6417E+00 0.6091E+00 0.6725E+00 0.5330E+00 0.5598E+00 0.6341E+00 0.6240E+00 0.6094E+00 0.6568E+00 0.6440E+00 0.5841E+00 0.5405E+00 0.6886E+00 0.6616E+00 0.6868E+00 0.6389E+00 0.5955E+00 0.5998E+00 0.5153E+00 0.0000E+00
0.0000E+00 0.6827E+00 0.6379E+00 0.6583E+00 0.6933E+00 0.5845E+00 0.5972E+00 0.7404E+00 0.7621E+00 0.6952E+00 0.7641E+00 0.8442E+00 0.8033E+00 0.5976E+00 0.7197E+00 0.7691E+00 0.9890E+00 0.7023E+00 0.6335E+00 0.8087E+00 0.8126E+00 0.0000E+00
0.0000E+00 0.9875E+00 0.7334E+00 0.9074E+00 0.8817E+00 0.7216E+00 0.6548E+00 0.6371E+00 0.8890E+00 0.8432E+00 0.6895E+00 0.7144E+00 0.9032E+00 0.7454E+00 0.8497E+00 0.7044E+00 0.1063E+01 0.8117E+00 0.8820E+00 0.1172E+01 0.8154E+00 0.0000E+00
0.0000E+00 0.6793E+00 0.9753E+00 0.1085E+01 0.8637E+00 0.8603E+00 0.1201E+01 0.7921E+00 0.7431E+00 0.8217E+00 0.1033E+01 0.7856E+00 0.8908E+00 0.9891E+00 0.1287E+01 0.8398E+00 0.8482E+00 0.1043E+01 0.9860E+00 0.9900E+00 0.7739E+00 0.0000E+00
0.0000E+00 0.6567E+00 0.8011E+00 0.8049E+00 0.7539E+00 0.8585E+00 0.7238E+00 0.8132E+00 0.7401E+00 0.6923E+00 0.7926E+00 0.6805E+00 0.8152E+00 0.8483E+00 0.9333E+00 0.7567E+00 0.8434E+00 0.1080E+01 0.9761E+00 0.1079E+01 0.7684E+00 0.0000E+00
0.0000E+00 0.1208E+01 0.8013E+00 0.8035E+00 0.1004E+01 0.7646E+00 0.4854E+00 0.7944E+00 0.1007E+01 0.8500E+00 0.7973E+00 0.8809E+00 0.1164E+01 0.8158E+00 0.7988E+00 0.7496E+00 0.9000E+00 0.8057E+00 0.8015E+00 0.1047E+01 0.8296E+00 0.0000E+00
0.0000E+00 0.1036E+01 0.1045E+01 0.1005E+01 0.9090E+00 0.7697E+00 0.5629E+00 0.8015E+00 0.1143E+01 0.7700E+00 0.8848E+00 0.1304E+01 0.1386E+01 0.8735E+00 0.1025E+01 0.9524E+00 0.8519E+00 0.8999E+00 0.9810E+00 0.1185E+01 0.8642E+00 0.0000E+00
0.0000E+00 0.7351E+00 0.8801E+00 0.1125E+01 0.8945E+00 0.7106E+00 0.5978E+00 0.8010E+00 0.7622E+00 0.9002E+00 0.9976E+00 0.1132E+01 0.1169E+01 0.9712E+00 0.8319E+00 0.7887E+00 0.1094E+01 0.1188E+01 0.9636E+00 0.8736E+00 0.7823E+00 0.0000E+00
0.0000E+00 0.1007E+01 0.1173E+01 0.8884E+00 0.8407E+00 0.8676E+00 0.5959E+00 0.1297E+01 0.1162E+01 0.1117E+01 0.3247E+01 0.9548E+00 0.8207E+00 0.7648E+00 0.8201E+00 0.8071E+00 0.6543E+00 0.8246E+00 0.8706E+00 0.8577E+00 0.8702E+00 0.0000E+00
0.0000E+00 0.7690E+00 0.1332E+01 0.9380E+00 0.8929E+00 0.9850E+00 0.6971E+00 0.1251E+01 0.1988E+00 0.2314E+00 0.9109E+00 0.7471E+00 0.7883E+00 0.1037E+01 0.9782E+00 0.9387E+00 0.6419E+00 0.7222E+00 0.9102E+00 0.9161E+00 0.7170E+00 0.0000E+00
0.0000E+00 0.6906E+00 0.7689E+00 0.8900E+00 0.8164E+00 0.7748E+00 0.8959E+00 0.1209E+01 0.2514E+00 0.3135E+00 0.8239E+00 0.8597E+00 0.8670E+00 0.1006E+01 0.1107E+01 0.1235E+01 0.9099E+00 0.9673E+00 0.9871E+00 0.7661E+00 0.8026E+00 0.0000E+00
0.0000E+00 0.7280E+00 0.6981E+00 0.8186E+00 0.8429E+00 0.8882E+00 0.7153E+00 0.9151E+00 0.4124E+00 0.4562E+00 0.8504E+00 0.7786E+00 0.6812E+00 0.7291E+00 0.7487E+00 0.9167E+00 0.8472E+00 0.8745E+00 0.8811E+00 0.8082E+00 0.8881E+00 0.0000E+00
0.0000E+00 0.7030E+00 0.1243E+01 0.1385E+01 0.9888E+00 0.1026E+01 0.8136E+00 0.9694E+00 0.6641E+00 0.6471E+00 0.9389E+00 0.9127E+00 0.8052E+00 0.7010E+00 0.6853E+00 0.6162E+00 0.7854E+00 0.8052E+00 0.8224E+00 0.7110E+00 0.9005E+00 0.0000E+00
0.0000E+00 0.7539E+00 0.8634E+00 0.1052E+01 0.7710E+00 0.7855E+00 0.8499E+00 0.1548E+01 0.7546E+00 0.8908E+00 0.9371E+00 0.8853E+00 0.7351E+00 0.7348E+00 0.8478E+00 0.5786E+00 0.7543E+00 0.1026E+01 0.8372E+00 0.8224E+00 0.8342E+00 0.0000E+00
0.0000E+00 0.1059E+01 0.8853E+00 0.9492E+00 0.1294E+01 0.8428E+00 0.7464E+00 0.1732E+01 0.1190E+00 0.7001E+00 0.1032E+01 0.8941E+00 0.9327E+00 0.1175E+01 0.1291E+01 0.7226E+00 0.8365E+00 0.8462E+00 0.7194E+00 0.7192E+00 0.8191E+00 0.0000E+00
0.0000E+00 0.8813E+00 0.9376E+00 0.1191E+01 0.9080E+00 0.1446E+01 0.1998E+01 0.1227E+01 0.4723E+00 0.7691E+00 0.9019E+00 0.1325E+01 0.1308E+01 0.1054E+01 0.1825E+01 0.1124E+01 0.9917E+00 0.7842E+00 0.8873E+00 0.1023E+01 0.1109E+01 0.0000E+00
0.0000E+00 0.1140E+01 0.8544E+00 0.7309E+00 0.1451E+00 0.2228E+01 0.1822E+01 0.8656E-01 0.4988E+00 0.1060E+01 0.9384E+00 0.1440E+01 0.1144E+01 0.8916E+00 0.8369E+00 0.2427E+00 0.1004E+01 0.1569E+01 0.1008E+01 0.1025E+01 0.1133E+01 0.0000E+00
0.0000E+00 0.1027E+01 0.8867E+00 0.7809E+00 0.3834E+00 0.2358E+01 0.1606E+00 0.1194E+00 0.5286E+00 0.9046E+00 0.8275E+00 0.1171E+01 0.3152E+00 0.8845E+00 0.6838E+00 0.1025E+00 0.1083E+00 0.1364E+01 0.8829E+00 0.8790E+00 0.1152E+01 0.0000E+00
0.0000E+00 0.8310E+00 0.1189E+01 0.1573E+01 0.5819E+00 0.1691E+01 0.2672E+00 0.4376E+00 0.5267E+00 0.7670E+00 0.6637E+00 0.9277E+00 0.3825E+00 0.6662E+00 0.6544E+00 0.2456E+00 0.3364E+00 0.1413E+01 0.1184E+01 0.2717E+01 0.8203E+00 0.0000E+00
0.0000E+00 0.1172E+01 0.1109E+01 0.1293E+01 0.1482E+00 0.1232E+01 0.4053E+00 0.1333E+01 0.9374E+00 0.1221E+01 0.8585E+00 0.8207E+00 0.5716E+00 0.7761E+00 0.9018E+00 0.5870E+00 0.7143E+00 0.1868E+01 0.1308E+01 0.2136E+01 0.2790E+00 0.0000E+00
0.0000E+00 0.1092E+01 0.1073E+01 0.1066E+01 0.3970E+00 0.1108E+01 0.3730E+00 0.7751E+00 0.1898E+00 0.9682E+00 0.9032E+00 0.1013E+01 0.7381E+00 0.1165E+01 0.9090E+00 0.4944E+00 0.7569E+00 0.9799E+00 0.7984E+00 0.9186E+00 0.4045E+00 0.0000E+00
0.0000E+00 0.7372E+00 0.1416E+01 0.9233E+00 0.5616E+00 0.2455E+01 0.1730E+01 0.8371E+00 0.3214E+00 0.1055E+01 0.8127E+00 0.7436E+00 0.7000E+00 0.1197E+01 0.8246E+00 0.5597E+00 0.8629E+00 0.8266E+00 0.7144E+00 0.8745E+00 0.6324E+00 0.0000E+00
0.0000E+00 0.2094E+01 0.1282E+01 0.9263E+00 0.2546E+00 0.2172E+00 0.4272E+01 0.1975E+01 0.1021E+01 0.8189E+00 0.9574E+00 0.8462E+00 0.7873E+00 0.6970E+00 0.8675E+00 0.7234E+00 0.9118E+00 0.1358E+01 0.3060E+01 0.1084E+01 0.7737E+00 0.0000E+00
0.0000E+00 0.2467E+01 0.3207E+00 0.8833E+00 0.4407E+00 0.3230E+00 0.2605E+01 0.1905E+00 0.1686E+00 0.1690E+00 0.8356E+00 0.1228E+01 0.1008E+01 0.6456E+00 0.6317E+00 0.6429E+00 0.8617E+00 0.2500E+00 0.1310E+01 0.1891E+00 0.6544E+00 0.0000E+00
0.0000E+00 0.9420E+00 0.2023E+00 0.7861E+00 0.8185E+00 0.5238E+00 0.1489E+01 0.1473E+00 0.2902E+00 0.2411E+00 0.5853E+00 0.7212E+00 0.9707E+00 0.6391E+00 0.6861E+00 0.6534E+00 0.1018E+01 0.3612E+00 0.1008E+01 0.3396E+00 0.7001E+00 0.0000E+00
0.0000E+00 0.6870E+00 0.2641E+00 0.6068E+00 0.5321E+00 0.4914E+00 0.1198E+01 0.3345E+00 0.4542E+00 0.5991E+00 0.6258E+00 0.5697E+00 0.7538E+00 0.6864E+00 0.1019E+01 0.8745E+00 0.1045E+01 0.7707E+00 0.1139E+01 0.5827E+00 0.1065E+01 0.0000E+00
0.0000E+00 0.6758E+00 0.3517E+00 0.8145E+00 0.8538E+00 0.7431E+00 0.1156E+01 0.4977E+00 0.5192E+00 0.6336E+00 0.8416E+00 0.9014E+00 0.9909E+00 0.7662E+00 0.1236E+01 0.2879E+01 0.1407E+01 0.7014E+00 0.1026E+01 0.1127E+01 0.8433E+00 0.0000E+00
0.0000E+00 0.7709E+00 0.4424E+00 0.6286E+00 0.8681E+00 0.1086E+01 0.1086E+01 0.6187E+00 0.6225E+00 0.6528E+00 0.9797E+00 0.2524E+01 0.1961E+01 0.9629E+00 0.3204E+00 0.1521E+01 0.2035E+01 0.1103E+01 0.1241E+01 0.1330E+01 0.1314E+00 0.0000E+00
0.0000E+00 0.7801E+00 0.7271E+00 0.7115E+00 0.7127E+00 0.9319E+00 0.1240E+01 0.7258E+00 0.8622E+00 0.7530E+00 0.9415E+00 0.2190E+01 0.2532E+00 0.1013E+00 0.1267E+00 0.5768E+00 0.6937E+00 0.8371E+00 0.1105E+01 0.1533E+01 0.4451E+00 0.0000E+00
0.0000E+00 0.7619E+00 0.5717E+00 0.9253E+00 0.8741E+00 0.1029E+01 0.6850E+00 0.7380E+00 0.8609E+00 0.7707E+00 0.8172E+00 0.1673E+01 0.4087E+00 0.3643E+00 0.3942E+00 0.6205E+00 0.5662E+00 0.7251E+00 0.8424E+00 0.1363E+01 0.6171E+00 0.0000E+00
0.0000E+00 0.8024E+00 0.1016E+01 0.1177E+01 0.9896E+00 0.8600E+00 0.5448E+00 0.1903E+01 0.1253E+01 0.8340E+00 0.7742E+00 0.1415E+01 0.5839E+00 0.5985E+00 0.5171E+00 0.1532E+01 0.7714E+00 0.8536E+00 0.9879E+00 0.1124E+01 0.8106E+00 0.0000E+00
0.0000E+00 0.1248E+01 0.6530E+00 0.8839E+00 0.8905E+00 0.8653E+00 0.1271E+01 0.1008E+01 0.2303E+00 0.7715E+00 0.1424E+01 0.1338E+01 0.6808E+00 0.7139E+00 0.5522E+00 0.1108E+01 0.1608E+00 0.6889E+00 0.8331E+00 0.9241E+00 0.7012E+00 0.0000E+00
0.0000E+00 0.1607E+01 0.2186E+00 0.8296E+00 0.8598E+00 0.8770E+00 0.1286E+01 0.1844E+00 0.1870E+00 0.2270E+00 0.1200E+01 0.1366E+01 0.8373E+00 0.9315E+00 0.6651E+00 0.9150E+00 0.3259E+00 0.8039E+00 0.8342E+00 0.8604E+00 0.7311E+00 0.0000E+00
0.0000E+00 0.1176E+01 0.1314E+00 0.6552E+00 0.7997E+00 0.7666E+00 0.1203E+01 0.3032E+00 0.3474E+00 0.2877E+00 0.1047E+01 0.1330E+01 0.8601E+00 0.1008E+01 0.7704E+00 0.9255E+00 0.4377E+00 0.6708E+00 0.6518E+00 0.8779E+00 0.9073E+00 0.0000E+00
0.0000E+00 0.1298E+01 0.3777E+00 0.1840E+01 0.8948E+00 0.9516E+00 0.1189E+01 0.5397E+00 0.5745E+00 0.5052E+00 0.1504E+01 0.1026E+01 0.7431E+00 0.7007E+00 0.6771E+00 0.1321E+01 0.5923E+00 0.6390E+00 0.5974E+00 0.7850E+00 0.9681E+00 0.0000E+00
0.0000E+00 0.1233E+01 0.1651E+01 0.1734E+01 0.1949E+00 0.6473E+00 0.1200E+01 0.7412E+00 0.8449E+00 0.1382E+01 0.1089E+01 0.1022E+01 0.2265E+01 0.2052E+01 0.1786E+01 0.3181E+01 0.1018E+01 0.9405E+00 0.9170E+00 0.9928E+00 0.1181E+01 0.0000E+00
0.0000E+00 0.9745E+00 0.1069E+01 0.2199E+00 0.3113E+00 0.5536E+00 0.1497E+01 0.7611E+00 0.1276E+01 0.1879E+01 0.1900E+00 0.7676E+00 0.2209E+01 0.1896E+00 0.1623E+00 0.1870E+00 0.1700E+00 0.7489E+00 0.8477E+00 0.1184E+01 0.1058E+01 0.0000E+00
0.0000E+00 0.9284E+00 0.9837E+00 0.2990E+00 0.6277E+00 0.9189E+00 0.1147E+01 0.9315E-01 0.7859E+00 0.1050E+01 0.2862E+00 0.8497E+00 0.1539E+01 0.3149E+00 0.2955E+00 0.2366E+00 0.2379E+00 0.6157E+00 0.7010E+00 0.1110E+01 0.1066E+01 0.0000E+00
0.0000E+00 0.9683E+00 0.9408E+00 0.4461E+00 0.5392E+00 0.6098E+00 0.1093E+01 0.2878E+00 0.6364E+00 0.7730E+00 0.5166E+00 0.6453E+00 0.1204E+01 0.5480E+00 0.5315E+00 0.4883E+00 0.4361E+00 0.7738E+00 0.7271E+00 0.9807E+00 0.1061E+01 0.0000E+00
0.0000E+00 0.8987E+00 0.9275E+00 0.6329E+00 0.6989E+00 0.7441E+00 0.1919E+01 0.6013E+00 0.9633E+00 0.9817E+00 0.6406E+00 0.6814E+00 0.1163E+01 0.7371E+00 0.6838E+00 0.6529E+00 0.6037E+00 0.8392E+00 0.8098E+00 0.1427E+01 0.9576E+00 0.0000E+00
0.0000E+00 0.9111E+00 0.9412E+00 0.6579E+00 0.8976E+00 0.7712E+00 0.8324E+00 0.1300E+01 0.8229E+00 0.9479E+00 0.9219E+00 0.8885E+00 0.1030E+01 0.8181E+00 0.9643E+00 0.9200E+00 0.7635E+00 0.7884E+00 0.9808E+00 0.1456E+01 0.1314E+00 0.0000E+00
0.0000E+00 0.8337E+00 0.7876E+00 0.7102E+00 0.7178E+00 0.7837E+00 0.1376E+01 0.1052E+01 0.1333E+00 0.8162E+00 0.1467E+01 0.1804E+01 0.1071E+01 0.7336E+00 0.9598E+00 0.1118E+01 0.2112E+01 0.8874E+00 0.1032E+01 0.1860E+01 0.1539E+00 0.0000E+00
0.0000E+00 0.8608E+00 0.8586E+00 0.9437E+00 0.7984E+00 0.9317E+00 0.1783E+01 0.6576E-01 0.3238E+00 0.8686E+00 0.9461E+00 0.1148E+00 0.7780E+00 0.7135E+00 0.7146E+00 0.1412E+00 0.2246E+01 0.2392E+01 0.8431E+00 0.1681E+01 0.7590E-01 0.0000E+00
0.0000E+00 0.1533E+01 0.1235E+01 0.9790E+00 0.7017E+00 0.1115E+01 0.1624E+01 0.1475E+00 0.4753E+00 0.9829E+00 0.1045E+01 0.2900E+00 0.8103E+00 0.8363E+00 0.7939E+00 0.2961E+00 0.1344E+00 0.1465E+01 0.1807E+00 0.9533E+00 0.2511E+00 0.0000E+00
0.0000E+00 0.1220E+01 0.8843E+00 0.9304E+00 0.7755E+00 0.9691E+00 0.1526E+01 0.3298E+00 0.6015E+00 0.8289E+00 0.1757E+01 0.5681E+00 0.9545E+00 0.8618E+00 0.8190E+00 0.4800E+00 0.2462E+00 0.1312E+01 0.3846E+00 0.9232E+00 0.4469E+00 0.0000E+00
0.0000E+00 0.7146E+00 0.7531E+00 0.8922E+00 0.8446E+00 0.8068E+00 0.1087E+01 0.4912E+00 0.5320E+00 0.7901E+00 0.1214E+01 0.1222E+00 0.7485E+00 0.8232E+00 0.9071E+00 0.5036E+00 0.4219E+00 0.1459E+01 0.5596E+00 0.1476E+01 0.4598E+00 0.0000E+00
0.0000E+00 0.7271E+00 0.8957E+00 0.9426E+00 0.7047E+00 0.8961E+00 0.1319E+01 0.5167E+00 0.7620E+00 0.1088E+01 0.1181E+01 0.2471E+00 0.7505E+00 0.8011E+00 0.8764E+00 0.6183E+00 0.5761E+00 0.3485E+01 0.1075E+01 0.1579E+01 0.1714E+00 0.0000E+00
0.0000E+00 0.7782E+00 0.9082E+00 0.8951E+00 0.8070E+00 0.8524E+00 0.1078E+01 0.6726E+00 0.7871E+00 0.1030E+01 0.1052E+01 0.3428E+00 0.7432E+00 0.7156E+00 0.1032E+01 0.1874E+01 0.1401E+01 0.1089E+01 0.1671E+00 0.1304E+01 0.3421E+00 0.0000E+00
0.0000E+00 0.7199E+00 0.7638E+00 0.8058E+00 0.7831E+00 0.1059E+01 0.1108E+01 0.7675E+00 0.6741E+00 0.7682E+00 0.9246E+00 0.5547E+00 0.8951E+00 0.1517E+01 0.7751E+00 0.1398E+01 0.1894E+00 0.1654E+00 0.2605E+00 0.8988E+00 0.4327E+00 0.0000E+00
0.0000E+00 0.9347E+00 0.7554E+00 0.9159E+00 0.7782E+00 0.7960E+00 0.9216E+00 0.7286E+00 0.7548E+00 0.8380E+00 0.1648E+01 0.9368E+00 0.9376E+00 0.1413E+01 0.2450E+00 0.1398E+01 0.4303E+00 0.4718E+00 0.7065E+00 0.9433E+00 0.5348E+00 0.0000E+00
0.0000E+00 0.8939E+00 0.8382E+00 0.7011E+00 0.8069E+00 0.7497E+00 0.7930E+00 0.1634E+01 0.1040E+01 0.8985E+00 0.1364E+01 0.2186E+00 0.8864E+00 0.1010E+01 0.2927E+00 0.1159E+01 0.4758E+00 0.5772E+00 0.5005E+00 0.7560E+00 0.8633E+00 0.0000E+00
0.0000E+00 0.7314E+00 0.7717E+00 0.7599E+00 0.8412E+00 0.9028E+00 0.6835E+00 0.7431E+00 0.8820E+00 0.8837E+00 0.1109E+01 0.2811E+00 0.1123E+01 0.1269E+01 0.4368E+00 0.9768E+00 0.5614E+00 0.6584E+00 0.6198E+00 0.1616E+01 0.7935E+00 0.0000E+00
0.0000E+00 0.7731E+00 0.8574E+00 0.1828E+01 0.8407E+00 0.7170E+00 0.6387E+00 0.5237E+00 0.6899E+00 0.9629E+00 0.1342E+01 0.4174E+00 0.9606E+00 0.1112E+01 0.1165E+01 0.1012E+01 0.7473E+00 0.7296E+00 0.8926E+00 0.1681E+01 0.2345E+00 0.0000E+00
0.0000E+00 0.1084E+01 0.1128E+01 0.1446E+01 0.2351E+00 0.7828E+00 0.6712E+00 0.6169E+00 0.7900E+00 0.8546E+00 0.1055E+01 0.5117E+00 0.8289E+00 0.1084E+01 0.1124E+01 0.1938E+00 0.9253E+00 0.8831E+00 0.7727E+00 0.1102E+01 0.2169E+00 0.0000E+00
0.0000E+00 0.1120E+01 0.9744E+00 0.1342E+01 0.3797E+00 0.1822E+01 0.8922E+00 0.6312E+00 0.8826E+00 0.7650E+00 0.8680E+00 0.5188E+00 0.8320E+00 0.9079E+00 0.1091E+01 0.2994E+00 0.1037E+01 0.8718E+00 0.8524E+00 0.1300E+01 0.3395E+00 0.0000E+00
0.0000E+00 0.1244E+01 0.1270E+01 0.2214E+01 0.7212E+00 0.2092E+01 0.2954E+00 0.9274E+00 0.2426E+01 0.1404E+01 0.8946E+00 0.2150E+01 0.1793E+01 0.1181E+01 0.2209E+01 0.9824E+00 0.8434E+00 0.1888E+01 0.1201E+01 0.1928E+01 0.6015E+00 0.0000E+00
-.9999E+04 -.9999E+04 -.9999E+04 -.9999E+04 -.9999E+04 -.9999E+04 -.9999E+04 -.9999E+04 -.9999E+04 -.9999E+04 -.9999E+04 -.9999E+04 -.9999E+04 -.9999E+04 -.9999E+04 -.9999E+04 -.9999E+04 -.9999E+04 -.9999E+04 -.9999E+04 -.9999E+04 -.9999E+04
