Output/dschg006.asc
ncols     22
nrows     62
xllcorner      0.00000000
yllcorner      0.00000000
cellsize      0.50000000
nodata_value -9999
0.0000E+00 0.0000E+00 0.0000E+00 0.0000E+00 0.0000E+00 0.0000E+00 0.0000E+00 0.0000E+00 0.0000E+00 0.0000E+00 0.0000E+00 0.0000E+00 0.0000E+00 0.0000E+00 0.0000E+00 0.0000E+00 0.0000E+00 0.0000E+00 0.0000E+00 0.0000E+00 0.0000E+00 0.0000E+00
0.0000E+00 0.2994E-03 0.2777E-03 0.6994E-04 0.8226E-04 0.1890E-03 0.7118E-04 0.1380E-03 0.2371E-03 0.1516E-03 0.9866E-04 0.8753E-04 0.7196E-04 0.7180E-04 0.7210E-04 0.6595E-04 0.1279E-03 0.6954E-04 0.1084E-03 0.2984E-03 0.5347E-03 0.0000E+00
0.0000E+00 0.6635E-03 0.3428E-03 0.1383E-03 0.1660E-03 0.3285E-03 0.9583E-04 0.2532E-03 0.3228E-03 0.2536E-03 0.3537E-03 0.2263E-03 0.4132E-03 0.2686E-03 0.1381E-03 0.1312E-03 0.1940E-03 0.2831E-03 0.5050E-03 0.3630E-03 0.5923E-03 0.0000E+00
0.0000E+00 0.7245E-03 0.8663E-03 0.2225E-03 0.3481E-03 0.5040E-03 0.1717E-03 0.3636E-03 0.3737E-03 0.3263E-03 0.4150E-03 0.2863E-03 0.4724E-03 0.3299E-03 0.3630E-03 0.2075E-03 0.3096E-03 0.3475E-03 0.7058E-03 0.7157E-03 0.7795E-03 0.0000E+00
0.0000E+00 0.8129E-03 0.1000E-02 0.4014E-03 0.4506E-03 0.7754E-03 0.2781E-03 0.4171E-03 0.5024E-03 0.5193E-03 0.4727E-03 0.3472E-03 0.6338E-03 0.5330E-03 0.4259E-03 0.2708E-03 0.3709E-03 0.4046E-03 0.1095E-02 0.1143E-02 0.8298E-03 0.0000E+00
0.0000E+00 0.9230E-03 0.1097E-02 0.5558E-03 0.5067E-03 0.8926E-03 0.3866E-03 0.5169E-03 0.5521E-03 0.5897E-03 0.6065E-03 0.4017E-03 0.6869E-03 0.5886E-03 0.4809E-03 0.6009E-03 0.4259E-03 0.4797E-03 0.1258E-02 0.1192E-02 0.9434E-03 0.0000E+00
0.0000E+00 0.1040E-02 0.1191E-02 0.6417E-03 0.5897E-03 0.1016E-02 0.5152E-03 0.5596E-03 0.6847E-03 0.6376E-03 0.7254E-03 0.4864E-03 0.8447E-03 0.6401E-03 0.5325E-03 0.8271E-03 0.7012E-03 0.5201E-03 0.1299E-02 0.1228E-02 0.1025E-02 0.0000E+00
0.0000E+00 0.1073E-02 0.1242E-02 0.8145E-03 0.6674E-03 0.1260E-02 0.7042E-03 0.6370E-03 0.7207E-03 0.6735E-03 0.8576E-03 0.5446E-03 0.8812E-03 0.7418E-03 0.6159E-03 0.1032E-02 0.9371E-03 0.5956E-03 0.1709E-02 0.1399E-02 0.1043E-02 0.0000E+00
0.0000E+00 0.1245E-02 0.1571E-02 0.8978E-03 0.1019E-02 0.1491E-02 0.8389E-03 0.7558E-03 0.7588E-03 0.7053E-03 0.8879E-03 0.5951E-03 0.9144E-03 0.7777E-03 0.7803E-03 0.1173E-02 0.1123E-02 0.7602E-03 0.1927E-02 0.1457E-02 0.1202E-02 0.0000E+00
0.0000E+00 0.1275E-02 0.1638E-02 0.9617E-03 0.1194E-02 0.1569E-02 0.9869E-03 0.8225E-03 0.7956E-03 0.7395E-03 0.9155E-03 0.6360E-03 0.9471E-03 0.8400E-03 0.8647E-03 0.1297E-02 0.1215E-02 0.9414E-03 0.2143E-02 0.1610E-02 0.1201E-02 0.0000E+00
0.0000E+00 0.1466E-02 0.1754E-02 0.9957E-03 0.1420E-02 0.1703E-02 0.1041E-02 0.8506E-03 0.8740E-03 0.7581E-03 0.1036E-02 0.6657E-03 0.1099E-02 0.8596E-03 0.8917E-03 0.1491E-02 0.1228E-02 0.1005E-02 0.2398E-02 0.1777E-02 0.1186E-02 0.0000E+00
0.0000E+00 0.1520E-02 0.1912E-02 0.1012E-02 0.1463E-02 0.1710E-02 0.1125E-02 0.8748E-03 0.9662E-03 0.8273E-03 0.1126E-02 0.7385E-03 0.1167E-02 0.9591E-03 0.9590E-03 0.1663E-02 0.1356E-02 0.1143E-02 0.2514E-02 0.1889E-02 0.1275E-02 0.0000E+00
0.0000E+00 0.1581E-02 0.2502E-02 0.1294E-02 0.1579E-02 0.1882E-02 0.1156E-02 0.9822E-03 0.9824E-03 0.1110E-02 0.1280E-02 0.8180E-03 0.1259E-02 0.1108E-02 0.9767E-03 0.1682E-02 0.1404E-02 0.1125E-02 0.2475E-02 0.1870E-02 0.1269E-02 0.0000E+00
0.0000E+00 0.1731E-02 0.2558E-02 0.1348E-02 0.1762E-02 0.1870E-02 0.1235E-02 0.2137E-02 0.1125E-02 0.1160E-02 0.2200E-02 0.9051E-03 0.1311E-02 0.1198E-02 0.1027E-02 0.1681E-02 0.1488E-02 0.1185E-02 0.2642E-02 0.1928E-02 0.1280E-02 0.0000E+00
0.0000E+00 0.1910E-02 0.2592E-02 0.1561E-02 0.2209E-02 0.2218E-02 0.1346E-02 0.2088E-02 0.7172E-04 0.7223E-04 0.2207E-02 0.9386E-03 0.1424E-02 0.1189E-02 0.1098E-02 0.1662E-02 0.1555E-02 0.1193E-02 0.2772E-02 0.2021E-02 0.1317E-02 0.0000E+00
0.0000E+00 0.2049E-02 0.2593E-02 0.1683E-02 0.2316E-02 0.2260E-02 0.1448E-02 0.2100E-02 0.2929E-03 0.2211E-03 0.2174E-02 0.9860E-03 0.1529E-02 0.1183E-02 0.1093E-02 0.1674E-02 0.1538E-02 0.1255E-02 0.2846E-02 0.2001E-02 0.1372E-02 0.0000E+00
0.0000E+00 0.2035E-02 0.2846E-02 0.1692E-02 0.2492E-02 0.2330E-02 0.1649E-02 0.2165E-02 0.5381E-03 0.4990E-03 0.2371E-02 0.9967E-03 0.1506E-02 0.1184E-02 0.1211E-02 0.1626E-02 0.1676E-02 0.1245E-02 0.2837E-02 0.1959E-02 0.1381E-02 0.0000E+00
0.0000E+00 0.2345E-02 0.2958E-02 0.2024E-02 0.2973E-02 0.2407E-02 0.1835E-02 0.2207E-02 0.9354E-03 0.8315E-03 0.2833E-02 0.1056E-02 0.1697E-02 0.1205E-02 0.1216E-02 0.1719E-02 0.1829E-02 0.1444E-02 0.2813E-02 0.1930E-02 0.1398E-02 0.0000E+00
0.0000E+00 0.2703E-02 0.2941E-02 0.2066E-02 0.3518E-02 0.2493E-02 0.2035E-02 0.3468E-02 0.1040E-02 0.1147E-02 0.2884E-02 0.1135E-02 0.1726E-02 0.1209E-02 0.1232E-02 0.1696E-02 0.2111E-02 0.1895E-02 0.3045E-02 0.1878E-02 0.1381E-02 0.0000E+00
0.0000E+00 0.2848E-02 0.3037E-02 0.2195E-02 0.3792E-02 0.2843E-02 0.2263E-02 0.3720E-02 0.7105E-04 0.1546E-02 0.3127E-02 0.1194E-02 0.1903E-02 0.1411E-02 0.1553E-02 0.1847E-02 0.2692E-02 0.2465E-02 0.3032E-02 0.1848E-02 0.1548E-02 0.0000E+00
0.0000E+00 0.3072E-02 0.3044E-02 0.2257E-02 0.3788E-02 0.6897E-02 0.6254E-02 0.3900E-02 0.2893E-03 0.1958E-02 0.3380E-02 0.1164E-02 0.1898E-02 0.1456E-02 0.3415E-02 0.1981E-02 0.2673E-02 0.2446E-02 0.3074E-02 0.2022E-02 0.1887E-02 0.0000E+00
0.0000E+00 0.3122E-02 0.2999E-02 0.2318E-02 0.2206E-03 0.1305E-01 0.6334E-02 0.1761E-03 0.4401E-03 0.2115E-02 0.3479E-02 0.3115E-02 0.1997E-02 0.1475E-02 0.3301E-02 0.8766E-04 0.2991E-02 0.5370E-02 0.3310E-02 0.2166E-02 0.2194E-02 0.0000E+00
0.0000E+00 0.3062E-02 0.2950E-02 0.2364E-02 0.4302E-03 0.1301E-01 0.1342E-03 0.7282E-04 0.5790E-03 0.2196E-02 0.3522E-02 0.2998E-02 0.7580E-04 0.1680E-02 0.3207E-02 0.2647E-03 0.2768E-03 0.5511E-02 0.3532E-02 0.2152E-02 0.2373E-02 0.0000E+00
0.0000E+00 0.3260E-02 0.3071E-02 0.3129E-02 0.5820E-03 0.1274E-01 0.2061E-03 0.2173E-03 0.6321E-03 0.2257E-02 0.3484E-02 0.2991E-02 0.1446E-03 0.1659E-02 0.3136E-02 0.3311E-03 0.4251E-03 0.5558E-02 0.3632E-02 0.4743E-02 0.2551E-02 0.0000E+00
0.0000E+00 0.3467E-02 0.3288E-02 0.3298E-02 0.8313E-04 0.1253E-01 0.2689E-03 0.9369E-03 0.6562E-03 0.2238E-02 0.3369E-02 0.2893E-02 0.2261E-03 0.1637E-02 0.3019E-02 0.5152E-03 0.5678E-03 0.5543E-02 0.3556E-02 0.4652E-02 0.1679E-03 0.0000E+00
0.0000E+00 0.3441E-02 0.3349E-02 0.3226E-02 0.2836E-03 0.1247E-01 0.3937E-03 0.9690E-03 0.7203E-04 0.2242E-02 0.3296E-02 0.2789E-02 0.3328E-03 0.1668E-02 0.2839E-02 0.5668E-03 0.7552E-03 0.5497E-02 0.3607E-02 0.4618E-02 0.2769E-03 0.0000E+00
0.0000E+00 0.3400E-02 0.3464E-02 0.3441E-02 0.3455E-03 0.1251E-01 0.1268E-01 0.1074E-02 0.1426E-03 0.2236E-02 0.3180E-02 0.2736E-02 0.4348E-03 0.1695E-02 0.2726E-02 0.7841E-03 0.9077E-03 0.5437E-02 0.3663E-02 0.4631E-02 0.4038E-03 0.0000E+00
0.0000E+00 0.6696E-02 0.3417E-02 0.3462E-02 0.1087E-03 0.4489E-03 0.1571E-01 0.3492E-02 0.2469E-02 0.2263E-02 0.3024E-02 0.2786E-02 0.6446E-03 0.1658E-02 0.2601E-02 0.8162E-03 0.1014E-02 0.5107E-02 0.1242E-01 0.4526E-02 0.5211E-03 0.0000E+00
0.0000E+00 0.6639E-02 0.6937E-04 0.3725E-02 0.3496E-03 0.3620E-03 0.1532E-01 0.1258E-03 0.2181E-03 0.1238E-03 0.3026E-02 0.2720E-02 0.1193E-02 0.1777E-02 0.2501E-02 0.8513E-03 0.1046E-02 0.1232E-03 0.1204E-01 0.2293E-03 0.7225E-03 0.0000E+00
0.0000E+00 0.6414E-02 0.1218E-03 0.3605E-02 0.5576E-03 0.5671E-03 0.1527E-01 0.7234E-04 0.3467E-03 0.1941E-03 0.2984E-02 0.2683E-02 0.1548E-02 0.2022E-02 0.2567E-02 0.1349E-02 0.1261E-02 0.2507E-03 0.1168E-01 0.2959E-03 0.9468E-03 0.0000E+00
0.0000E+00 0.6503E-02 0.1898E-03 0.3625E-02 0.6151E-03 0.7032E-03 0.1516E-01 0.2767E-03 0.4150E-03 0.5282E-03 0.2960E-02 0.2639E-02 0.1688E-02 0.2070E-02 0.2538E-02 0.1873E-02 0.1533E-02 0.4240E-03 0.1126E-01 0.4397E-03 0.1114E-02 0.0000E+00
0.0000E+00 0.6378E-02 0.2819E-03 0.3644E-02 0.9532E-03 0.1201E-02 0.1499E-01 0.3676E-03 0.7807E-03 0.7615E-03 0.3000E-02 0.2678E-02 0.1803E-02 0.2237E-02 0.2288E-02 0.3766E-02 0.1851E-02 0.6214E-03 0.1087E-01 0.1731E-02 0.1238E-02 0.0000E+00
0.0000E+00 0.6120E-02 0.3544E-03 0.3741E-02 0.1005E-02 0.1432E-02 0.1438E-01 0.4509E-03 0.1076E-02 0.9295E-03 0.3015E-02 0.6720E-02 0.4159E-02 0.2400E-02 0.7091E-04 0.3586E-02 0.2052E-02 0.7686E-03 0.1043E-01 0.1786E-02 0.1026E-03 0.0000E+00
0.0000E+00 0.5906E-02 0.3997E-03 0.3811E-02 0.1073E-02 0.1589E-02 0.1350E-01 0.6525E-03 0.1531E-02 0.1238E-02 0.3043E-02 0.6490E-02 0.7203E-04 0.7275E-04 0.1672E-03 0.3561E-02 0.2088E-02 0.9059E-03 0.9990E-02 0.1827E-02 0.4406E-03 0.0000E+00
0.0000E+00 0.5819E-02 0.4960E-03 0.3657E-02 0.1477E-02 0.1688E-02 0.1293E-01 0.8783E-03 0.1919E-02 0.1431E-02 0.2918E-02 0.6329E-02 0.3529E-03 0.1836E-03 0.3229E-03 0.3472E-02 0.2150E-02 0.1057E-02 0.9650E-02 0.1786E-02 0.6557E-03 0.0000E+00
0.0000E+00 0.5709E-02 0.5153E-03 0.3595E-02 0.1821E-02 0.1822E-02 0.1271E-01 0.3010E-02 0.2102E-02 0.1686E-02 0.2868E-02 0.6178E-02 0.6577E-03 0.4022E-03 0.4133E-03 0.5311E-02 0.2112E-02 0.1140E-02 0.9134E-02 0.1773E-02 0.7596E-03 0.0000E+00
0.0000E+00 0.5993E-02 0.5520E-03 0.3605E-02 0.2070E-02 0.1936E-02 0.1541E-01 0.2986E-02 0.2379E-03 0.1966E-02 0.4773E-02 0.6153E-02 0.1055E-02 0.8033E-03 0.4688E-03 0.5358E-02 0.7180E-04 0.1222E-02 0.8685E-02 0.1746E-02 0.8065E-03 0.0000E+00
0.0000E+00 0.5715E-02 0.7153E-04 0.3525E-02 0.2100E-02 0.2005E-02 0.1506E-01 0.1697E-03 0.3049E-03 0.1256E-03 0.4654E-02 0.6086E-02 0.1141E-02 0.1135E-02 0.7230E-03 0.5294E-02 0.1692E-03 0.1213E-02 0.8171E-02 0.2020E-02 0.1069E-02 0.0000E+00
0.0000E+00 0.5475E-02 0.1851E-03 0.3444E-02 0.2121E-02 0.2338E-02 0.1478E-01 0.3765E-03 0.4855E-03 0.2950E-03 0.4671E-02 0.5956E-02 0.1389E-02 0.1312E-02 0.7603E-03 0.5178E-02 0.2352E-03 0.1285E-02 0.7842E-02 0.2194E-02 0.1386E-02 0.0000E+00
0.0000E+00 0.5286E-02 0.3772E-03 0.5632E-02 0.2448E-02 0.2525E-02 0.1455E-01 0.5845E-03 0.5402E-03 0.3908E-03 0.4515E-02 0.5966E-02 0.1593E-02 0.1436E-02 0.9208E-03 0.5363E-02 0.2960E-03 0.1309E-02 0.7615E-02 0.2165E-02 0.1746E-02 0.0000E+00
0.0000E+00 0.5113E-02 0.5503E-02 0.5351E-02 0.7688E-04 0.2497E-02 0.1410E-01 0.7087E-03 0.6939E-03 0.4689E-02 0.4332E-02 0.5892E-02 0.9340E-02 0.7806E-02 0.6635E-02 0.5859E-02 0.8005E-03 0.1623E-02 0.7245E-02 0.2353E-02 0.1890E-02 0.0000E+00
0.0000E+00 0.4881E-02 0.5659E-02 0.2091E-03 0.1469E-03 0.2679E-02 0.1479E-01 0.8069E-03 0.8611E-03 0.4512E-02 0.3987E-03 0.5707E-02 0.9173E-02 0.1319E-03 0.2658E-03 0.1186E-03 0.1233E-03 0.1952E-02 0.6928E-02 0.2337E-02 0.2029E-02 0.0000E+00
0.0000E+00 0.4662E-02 0.5563E-02 0.2771E-03 0.4491E-03 0.2833E-02 0.1448E-01 0.1006E-03 0.8911E-03 0.4320E-02 0.5236E-03 0.5537E-02 0.8921E-02 0.2392E-03 0.3830E-03 0.3450E-03 0.3856E-03 0.2296E-02 0.6610E-02 0.2446E-02 0.2195E-02 0.0000E+00
0.0000E+00 0.4546E-02 0.5399E-02 0.8256E-03 0.5095E-03 0.2795E-02 0.1399E-01 0.3789E-03 0.9254E-03 0.4324E-02 0.8903E-03 0.5597E-02 0.9174E-02 0.8305E-03 0.4586E-03 0.4117E-03 0.5972E-03 0.2653E-02 0.6431E-02 0.2450E-02 0.2268E-02 0.0000E+00
0.0000E+00 0.4293E-02 0.5320E-02 0.1101E-02 0.1075E-02 0.2906E-02 0.1318E-01 0.5355E-03 0.9400E-03 0.4263E-02 0.1154E-02 0.5932E-02 0.9246E-02 0.1354E-02 0.6915E-03 0.4686E-03 0.8136E-03 0.2663E-02 0.6171E-02 0.4759E-02 0.2323E-02 0.0000E+00
0.0000E+00 0.4138E-02 0.5290E-02 0.1236E-02 0.1578E-02 0.3019E-02 0.1279E-01 0.1469E-02 0.9547E-03 0.4080E-02 0.1309E-02 0.6174E-02 0.8948E-02 0.1785E-02 0.8953E-03 0.6929E-03 0.8602E-03 0.2856E-02 0.5898E-02 0.4817E-02 0.1143E-03 0.0000E+00
0.0000E+00 0.4080E-02 0.5303E-02 0.1336E-02 0.1715E-02 0.3077E-02 0.1381E-01 0.1464E-02 0.1217E-03 0.3907E-02 0.6919E-02 0.5744E-02 0.8644E-02 0.2244E-02 0.1143E-02 0.9353E-03 0.2035E-02 0.2806E-02 0.5391E-02 0.5041E-02 0.2777E-03 0.0000E+00
0.0000E+00 0.3946E-02 0.5342E-02 0.1824E-02 0.2125E-02 0.3079E-02 0.1323E-01 0.1064E-03 0.2023E-03 0.3757E-02 0.6723E-02 0.7026E-04 0.8382E-02 0.2491E-02 0.1181E-02 0.7722E-04 0.2204E-02 0.9742E-02 0.5052E-02 0.4847E-02 0.6521E-04 0.0000E+00
0.0000E+00 0.3644E-02 0.5160E-02 0.2220E-02 0.2341E-02 0.3112E-02 0.1285E-01 0.7245E-04 0.3181E-03 0.3616E-02 0.6689E-02 0.2292E-03 0.8212E-02 0.3021E-02 0.1297E-02 0.4340E-03 0.1329E-03 0.9460E-02 0.1764E-03 0.4818E-02 0.2778E-03 0.0000E+00
0.0000E+00 0.3311E-02 0.5223E-02 0.2379E-02 0.2816E-02 0.3539E-02 0.1274E-01 0.2479E-03 0.7331E-03 0.3704E-02 0.7072E-02 0.3511E-03 0.7881E-02 0.3098E-02 0.1740E-02 0.5784E-03 0.3827E-03 0.9184E-02 0.7074E-03 0.4718E-02 0.5021E-03 0.0000E+00
0.0000E+00 0.3198E-02 0.5203E-02 0.2625E-02 0.2981E-02 0.3465E-02 0.1246E-01 0.3536E-03 0.7855E-03 0.3691E-02 0.7001E-02 0.1619E-03 0.7830E-02 0.3607E-02 0.2258E-02 0.6614E-03 0.6478E-03 0.9080E-02 0.1001E-02 0.5518E-02 0.7969E-03 0.0000E+00
0.0000E+00 0.3513E-02 0.5647E-02 0.3235E-02 0.3660E-02 0.4203E-02 0.1220E-01 0.4470E-03 0.1072E-02 0.3647E-02 0.6959E-02 0.2833E-03 0.7719E-02 0.3597E-02 0.2696E-02 0.1332E-02 0.9363E-03 0.9116E-02 0.1207E-02 0.5447E-02 0.7217E-04 0.0000E+00
0.0000E+00 0.3345E-02 0.5539E-02 0.3657E-02 0.4260E-02 0.4640E-02 0.1177E-01 0.6187E-03 0.1215E-02 0.3444E-02 0.6801E-02 0.3857E-03 0.7523E-02 0.3794E-02 0.3132E-02 0.1093E-01 0.9543E-02 0.8870E-02 0.1992E-03 0.5363E-02 0.4822E-03 0.0000E+00
0.0000E+00 0.3185E-02 0.5351E-02 0.3642E-02 0.4706E-02 0.4603E-02 0.1115E-01 0.7663E-03 0.1320E-02 0.3684E-02 0.6919E-02 0.7329E-03 0.7435E-02 0.7484E-02 0.3118E-02 0.1115E-01 0.3119E-03 0.3473E-03 0.3782E-03 0.5328E-02 0.5435E-03 0.0000E+00
0.0000E+00 0.3244E-02 0.5185E-02 0.3646E-02 0.4898E-02 0.4659E-02 0.1089E-01 0.9936E-03 0.1407E-02 0.4028E-02 0.8208E-02 0.1129E-02 0.7291E-02 0.7644E-02 0.4154E-03 0.1119E-01 0.6269E-03 0.6435E-03 0.5064E-03 0.5152E-02 0.7783E-03 0.0000E+00
0.0000E+00 0.3167E-02 0.5092E-02 0.3672E-02 0.4860E-02 0.4649E-02 0.1050E-01 0.1066E-02 0.1657E-02 0.4684E-02 0.8180E-02 0.7091E-04 0.7278E-02 0.7658E-02 0.6353E-03 0.1087E-01 0.8412E-03 0.7115E-03 0.7100E-03 0.4995E-02 0.1030E-02 0.0000E+00
0.0000E+00 0.3063E-02 0.4967E-02 0.3644E-02 0.4809E-02 0.4653E-02 0.1012E-01 0.1150E-02 0.1737E-02 0.5273E-02 0.8035E-02 0.3987E-03 0.7147E-02 0.7515E-02 0.8463E-03 0.1065E-01 0.8950E-03 0.7701E-03 0.7919E-03 0.6060E-02 0.1202E-02 0.0000E+00
0.0000E+00 0.2987E-02 0.4975E-02 0.8893E-02 0.5220E-02 0.4607E-02 0.9773E-02 0.1185E-02 0.1773E-02 0.5608E-02 0.7741E-02 0.5352E-03 0.7057E-02 0.7718E-02 0.1131E-01 0.1050E-01 0.9388E-03 0.8168E-03 0.8558E-03 0.6108E-02 0.2944E-03 0.0000E+00
0.0000E+00 0.2800E-02 0.4943E-02 0.8737E-02 0.4440E-03 0.4519E-02 0.9326E-02 0.1270E-02 0.1808E-02 0.5565E-02 0.7592E-02 0.6439E-03 0.6763E-02 0.7765E-02 0.1096E-01 0.7196E-04 0.1018E-02 0.9793E-03 0.8900E-03 0.5962E-02 0.1032E-03 0.0000E+00
0.0000E+00 0.2729E-02 0.4766E-02 0.8624E-02 0.9420E-03 0.1276E-01 0.8842E-02 0.1339E-02 0.1920E-02 0.5589E-02 0.7426E-02 0.7242E-03 0.6515E-02 0.7651E-02 0.1090E-01 0.1667E-03 0.1066E-02 0.1151E-02 0.9207E-03 0.5719E-02 0.2115E-03 0.0000E+00
0.0000E+00 0.2567E-02 0.4595E-02 0.9408E-02 0.1069E-02 0.1224E-01 0.1203E-03 0.1382E-02 0.1397E-01 0.1259E-01 0.7213E-02 0.1347E-01 0.1335E-01 0.7429E-02 0.1214E-01 0.1310E-02 0.1135E-02 0.2510E-02 0.1165E-02 0.5780E-02 0.3527E-03 0.0000E+00
-.4999E-02 -.4999E-02 -.4999E-02 -.4999E-02 -.4999E-02 -.4999E-02 -.4999E-02 -.4999E-02 -.4999E-02 -.4999E-02 -.4999E-02 -.4999E-02 -.4999E-02 -.4999E-02 -.4999E-02 -.4999E-02 -.4999E-02 -.4999E-02 -.4999E-02 -.4999E-02 -.4999E-02 -.4999E-02
