Output/dschg002.asc
ncols     22
nrows     62
xllcorner      0.00000000
yllcorner      0.00000000
cellsize      0.50000000
nodata_value -9999
0.0000E+00 0.0000E+00 0.0000E+00 0.0000E+00 0.0000E+00 0.0000E+00 0.0000E+00 0.0000E+00 0.0000E+00 0.0000E+00 0.0000E+00 0.0000E+00 0.0000E+00 0.0000E+00 0.0000E+00 0.0000E+00 0.0000E+00 0.0000E+00 0.0000E+00 0.0000E+00 0.0000E+00 0.0000E+00
0.0000E+00 0.2991E-03 0.2770E-03 0.6644E-04 0.7921E-04 0.1888E-03 0.6767E-04 0.1333E-03 0.2368E-03 0.1497E-03 0.9562E-04 0.8448E-04 0.6843E-04 0.6828E-04 0.6859E-04 0.6249E-04 0.1253E-03 0.6619E-04 0.1065E-03 0.2980E-03 0.5344E-03 0.0000E+00
0.0000E+00 0.6628E-03 0.3386E-03 0.1313E-03 0.1600E-03 0.3280E-03 0.9388E-04 0.2482E-03 0.3208E-03 0.2499E-03 0.3500E-03 0.2225E-03 0.4095E-03 0.2634E-03 0.1312E-03 0.1243E-03 0.1879E-03 0.2777E-03 0.5028E-03 0.3590E-03 0.5885E-03 0.0000E+00
0.0000E+00 0.7203E-03 0.8618E-03 0.2129E-03 0.3420E-03 0.5021E-03 0.1664E-03 0.3569E-03 0.3684E-03 0.3210E-03 0.4077E-03 0.2791E-03 0.4652E-03 0.3212E-03 0.3558E-03 0.1972E-03 0.3011E-03 0.3386E-03 0.7018E-03 0.7113E-03 0.7747E-03 0.0000E+00
0.0000E+00 0.8065E-03 0.9954E-03 0.3917E-03 0.4441E-03 0.7733E-03 0.2725E-03 0.4100E-03 0.4969E-03 0.5137E-03 0.4620E-03 0.3365E-03 0.6262E-03 0.5238E-03 0.4158E-03 0.2571E-03 0.3588E-03 0.3922E-03 0.1091E-02 0.1139E-02 0.8214E-03 0.0000E+00
0.0000E+00 0.9161E-03 0.1091E-02 0.5460E-03 0.4968E-03 0.8899E-03 0.3807E-03 0.5093E-03 0.5430E-03 0.5831E-03 0.5948E-03 0.3875E-03 0.6766E-03 0.5763E-03 0.4674E-03 0.5872E-03 0.4104E-03 0.4640E-03 0.1252E-02 0.1184E-02 0.9345E-03 0.0000E+00
0.0000E+00 0.1033E-02 0.1184E-02 0.6304E-03 0.5797E-03 0.1013E-02 0.5092E-03 0.5485E-03 0.6753E-03 0.6291E-03 0.7132E-03 0.4719E-03 0.8338E-03 0.6243E-03 0.5155E-03 0.8133E-03 0.6847E-03 0.5011E-03 0.1289E-02 0.1216E-02 0.1014E-02 0.0000E+00
0.0000E+00 0.1062E-02 0.1234E-02 0.8030E-03 0.6543E-03 0.1257E-02 0.6976E-03 0.6240E-03 0.7099E-03 0.6630E-03 0.8453E-03 0.5288E-03 0.8668E-03 0.7260E-03 0.5969E-03 0.1018E-02 0.9198E-03 0.5734E-03 0.1699E-02 0.1387E-02 0.1028E-02 0.0000E+00
0.0000E+00 0.1233E-02 0.1563E-02 0.8835E-03 0.1006E-02 0.1487E-02 0.8322E-03 0.7426E-03 0.7454E-03 0.6912E-03 0.8729E-03 0.5779E-03 0.8969E-03 0.7594E-03 0.7614E-03 0.1159E-02 0.1105E-02 0.7360E-03 0.1916E-02 0.1443E-02 0.1187E-02 0.0000E+00
0.0000E+00 0.1260E-02 0.1629E-02 0.9455E-03 0.1179E-02 0.1563E-02 0.9801E-03 0.8077E-03 0.7814E-03 0.7242E-03 0.8970E-03 0.6173E-03 0.9286E-03 0.8212E-03 0.8453E-03 0.1284E-02 0.1196E-02 0.9165E-03 0.2131E-02 0.1596E-02 0.1183E-02 0.0000E+00
0.0000E+00 0.1450E-02 0.1743E-02 0.9761E-03 0.1405E-02 0.1697E-02 0.1032E-02 0.8324E-03 0.8596E-03 0.7394E-03 0.1017E-02 0.6443E-03 0.1080E-02 0.8375E-03 0.8693E-03 0.1477E-02 0.1205E-02 0.9778E-03 0.2385E-02 0.1763E-02 0.1164E-02 0.0000E+00
0.0000E+00 0.1503E-02 0.1901E-02 0.9896E-03 0.1445E-02 0.1700E-02 0.1115E-02 0.8533E-03 0.9517E-03 0.8076E-03 0.1107E-02 0.7175E-03 0.1148E-02 0.9371E-03 0.9368E-03 0.1650E-02 0.1334E-02 0.1115E-02 0.2500E-02 0.1874E-02 0.1253E-02 0.0000E+00
0.0000E+00 0.1562E-02 0.2490E-02 0.1271E-02 0.1561E-02 0.1871E-02 0.1143E-02 0.9607E-03 0.9646E-03 0.1091E-02 0.1260E-02 0.7972E-03 0.1240E-02 0.1086E-02 0.9519E-03 0.1665E-02 0.1382E-02 0.1095E-02 0.2457E-02 0.1852E-02 0.1243E-02 0.0000E+00
0.0000E+00 0.1711E-02 0.2543E-02 0.1323E-02 0.1743E-02 0.1855E-02 0.1222E-02 0.2098E-02 0.1108E-02 0.1141E-02 0.2160E-02 0.8840E-03 0.1291E-02 0.1176E-02 0.1002E-02 0.1662E-02 0.1465E-02 0.1155E-02 0.2624E-02 0.1909E-02 0.1255E-02 0.0000E+00
0.0000E+00 0.1889E-02 0.2575E-02 0.1536E-02 0.2190E-02 0.2203E-02 0.1333E-02 0.2046E-02 0.6821E-04 0.6873E-04 0.2167E-02 0.9160E-03 0.1404E-02 0.1165E-02 0.1073E-02 0.1640E-02 0.1532E-02 0.1160E-02 0.2754E-02 0.2002E-02 0.1292E-02 0.0000E+00
0.0000E+00 0.2028E-02 0.2574E-02 0.1658E-02 0.2297E-02 0.2245E-02 0.1434E-02 0.2056E-02 0.2891E-03 0.2166E-03 0.2135E-02 0.9631E-03 0.1509E-02 0.1157E-02 0.1067E-02 0.1651E-02 0.1514E-02 0.1221E-02 0.2828E-02 0.1981E-02 0.1347E-02 0.0000E+00
0.0000E+00 0.2011E-02 0.2826E-02 0.1663E-02 0.2472E-02 0.2313E-02 0.1636E-02 0.2121E-02 0.5342E-03 0.4944E-03 0.2332E-02 0.9708E-03 0.1482E-02 0.1155E-02 0.1186E-02 0.1599E-02 0.1652E-02 0.1209E-02 0.2818E-02 0.1937E-02 0.1356E-02 0.0000E+00
0.0000E+00 0.2321E-02 0.2938E-02 0.1997E-02 0.2954E-02 0.2388E-02 0.1822E-02 0.2161E-02 0.9313E-03 0.8267E-03 0.2795E-02 0.1029E-02 0.1673E-02 0.1174E-02 0.1188E-02 0.1693E-02 0.1804E-02 0.1408E-02 0.2794E-02 0.1908E-02 0.1373E-02 0.0000E+00
0.0000E+00 0.2679E-02 0.2921E-02 0.2037E-02 0.3499E-02 0.2474E-02 0.2022E-02 0.3416E-02 0.1034E-02 0.1142E-02 0.2845E-02 0.1107E-02 0.1701E-02 0.1175E-02 0.1204E-02 0.1667E-02 0.2086E-02 0.1859E-02 0.3026E-02 0.1852E-02 0.1353E-02 0.0000E+00
0.0000E+00 0.2824E-02 0.3017E-02 0.2166E-02 0.3773E-02 0.2824E-02 0.2250E-02 0.3669E-02 0.6752E-04 0.1541E-02 0.3089E-02 0.1164E-02 0.1878E-02 0.1378E-02 0.1525E-02 0.1818E-02 0.2667E-02 0.2430E-02 0.3011E-02 0.1819E-02 0.1521E-02 0.0000E+00
0.0000E+00 0.3047E-02 0.3023E-02 0.2228E-02 0.3767E-02 0.6857E-02 0.6192E-02 0.3850E-02 0.2856E-03 0.1953E-02 0.3342E-02 0.1132E-02 0.1873E-02 0.1423E-02 0.3361E-02 0.1953E-02 0.2647E-02 0.2408E-02 0.3053E-02 0.1993E-02 0.1860E-02 0.0000E+00
0.0000E+00 0.3098E-02 0.2977E-02 0.2289E-02 0.2194E-03 0.1295E-01 0.6271E-02 0.1748E-03 0.4357E-03 0.2110E-02 0.3443E-02 0.3059E-02 0.1974E-02 0.1443E-02 0.3245E-02 0.8424E-04 0.2961E-02 0.5301E-02 0.3289E-02 0.2138E-02 0.2168E-02 0.0000E+00
0.0000E+00 0.3033E-02 0.2925E-02 0.2334E-02 0.4288E-03 0.1291E-01 0.1315E-03 0.6929E-04 0.5744E-03 0.2190E-02 0.3487E-02 0.2940E-02 0.7262E-04 0.1649E-02 0.3149E-02 0.2644E-03 0.2759E-03 0.5444E-02 0.3511E-02 0.2120E-02 0.2347E-02 0.0000E+00
0.0000E+00 0.3231E-02 0.3047E-02 0.3097E-02 0.5793E-03 0.1264E-01 0.2000E-03 0.2134E-03 0.6240E-03 0.2250E-02 0.3449E-02 0.2934E-02 0.1379E-03 0.1625E-02 0.3077E-02 0.3272E-03 0.4233E-03 0.5491E-02 0.3611E-02 0.4688E-02 0.2525E-02 0.0000E+00
0.0000E+00 0.3438E-02 0.3263E-02 0.3266E-02 0.8022E-04 0.1243E-01 0.2593E-03 0.9205E-03 0.6446E-03 0.2230E-02 0.3332E-02 0.2834E-02 0.2167E-03 0.1602E-02 0.2961E-02 0.5110E-03 0.5652E-03 0.5480E-02 0.3533E-02 0.4600E-02 0.1660E-03 0.0000E+00
0.0000E+00 0.3412E-02 0.3325E-02 0.3191E-02 0.2805E-03 0.1237E-01 0.3835E-03 0.9506E-03 0.6852E-04 0.2234E-02 0.3258E-02 0.2729E-02 0.3224E-03 0.1635E-02 0.2779E-02 0.5591E-03 0.7524E-03 0.5433E-02 0.3585E-02 0.4565E-02 0.2734E-03 0.0000E+00
0.0000E+00 0.3369E-02 0.3440E-02 0.3406E-02 0.3389E-03 0.1240E-01 0.1256E-01 0.1055E-02 0.1367E-03 0.2227E-02 0.3141E-02 0.2676E-02 0.4232E-03 0.1663E-02 0.2665E-02 0.7761E-03 0.9047E-03 0.5375E-02 0.3640E-02 0.4579E-02 0.3999E-03 0.0000E+00
0.0000E+00 0.6641E-02 0.3393E-02 0.3427E-02 0.1058E-03 0.4487E-03 0.1556E-01 0.3457E-02 0.2454E-02 0.2254E-02 0.2982E-02 0.2727E-02 0.6320E-03 0.1624E-02 0.2542E-02 0.8045E-03 0.1011E-02 0.5047E-02 0.1230E-01 0.4474E-02 0.5169E-03 0.0000E+00
0.0000E+00 0.6583E-02 0.6589E-04 0.3690E-02 0.3465E-03 0.3613E-03 0.1517E-01 0.1243E-03 0.2179E-03 0.1228E-03 0.2986E-02 0.2663E-02 0.1181E-02 0.1744E-02 0.2440E-02 0.8362E-03 0.1039E-02 0.1228E-03 0.1191E-01 0.2287E-03 0.7179E-03 0.0000E+00
0.0000E+00 0.6354E-02 0.1197E-03 0.3567E-02 0.5543E-03 0.5646E-03 0.1513E-01 0.7178E-04 0.3458E-03 0.1895E-03 0.2943E-02 0.2625E-02 0.1536E-02 0.1990E-02 0.2507E-02 0.1334E-02 0.1253E-02 0.2501E-03 0.1155E-01 0.2918E-03 0.9420E-03 0.0000E+00
0.0000E+00 0.6444E-02 0.1842E-03 0.3588E-02 0.6099E-03 0.6981E-03 0.1501E-01 0.2750E-03 0.4121E-03 0.5235E-03 0.2917E-02 0.2583E-02 0.1674E-02 0.2039E-02 0.2480E-02 0.1858E-02 0.1524E-02 0.4232E-03 0.1113E-01 0.4352E-03 0.1109E-02 0.0000E+00
0.0000E+00 0.6320E-02 0.2741E-03 0.3607E-02 0.9478E-03 0.1195E-02 0.1485E-01 0.3646E-03 0.7776E-03 0.7566E-03 0.2959E-02 0.2624E-02 0.1789E-02 0.2206E-02 0.2230E-02 0.3699E-02 0.1842E-02 0.6200E-03 0.1075E-01 0.1719E-02 0.1232E-02 0.0000E+00
0.0000E+00 0.6061E-02 0.3443E-03 0.3705E-02 0.9967E-03 0.1426E-02 0.1423E-01 0.4468E-03 0.1073E-02 0.9236E-03 0.2975E-02 0.6623E-02 0.4113E-02 0.2368E-02 0.6742E-04 0.3524E-02 0.2043E-02 0.7656E-03 0.1031E-01 0.1774E-02 0.1004E-03 0.0000E+00
0.0000E+00 0.5846E-02 0.3862E-03 0.3775E-02 0.1061E-02 0.1582E-02 0.1335E-01 0.6481E-03 0.1527E-02 0.1232E-02 0.3004E-02 0.6394E-02 0.6854E-04 0.6922E-04 0.1657E-03 0.3499E-02 0.2076E-02 0.9011E-03 0.9873E-02 0.1813E-02 0.4382E-03 0.0000E+00
0.0000E+00 0.5760E-02 0.4813E-03 0.3619E-02 0.1465E-02 0.1679E-02 0.1279E-01 0.8737E-03 0.1915E-02 0.1423E-02 0.2878E-02 0.6235E-02 0.3492E-03 0.1773E-03 0.3197E-03 0.3409E-02 0.2136E-02 0.1052E-02 0.9534E-02 0.1768E-02 0.6526E-03 0.0000E+00
0.0000E+00 0.5651E-02 0.4973E-03 0.3559E-02 0.1809E-02 0.1812E-02 0.1256E-01 0.3001E-02 0.2098E-02 0.1679E-02 0.2830E-02 0.6087E-02 0.6538E-03 0.3956E-03 0.4071E-03 0.5231E-02 0.2095E-02 0.1135E-02 0.9020E-02 0.1753E-02 0.7563E-03 0.0000E+00
0.0000E+00 0.5911E-02 0.5306E-03 0.3569E-02 0.2057E-02 0.1924E-02 0.1525E-01 0.2973E-02 0.2377E-03 0.1958E-02 0.4727E-02 0.6065E-02 0.1051E-02 0.7966E-03 0.4590E-03 0.5279E-02 0.6828E-04 0.1217E-02 0.8573E-02 0.1722E-02 0.7996E-03 0.0000E+00
0.0000E+00 0.5628E-02 0.6802E-04 0.3489E-02 0.2085E-02 0.1991E-02 0.1490E-01 0.1683E-03 0.3011E-03 0.1231E-03 0.4608E-02 0.6000E-02 0.1134E-02 0.1128E-02 0.7130E-03 0.5215E-02 0.1646E-03 0.1204E-02 0.8059E-02 0.1996E-02 0.1062E-02 0.0000E+00
0.0000E+00 0.5387E-02 0.1849E-03 0.3407E-02 0.2103E-02 0.2324E-02 0.1462E-01 0.3737E-03 0.4815E-03 0.2921E-03 0.4626E-02 0.5873E-02 0.1382E-02 0.1304E-02 0.7468E-03 0.5099E-02 0.2283E-03 0.1276E-02 0.7732E-02 0.2170E-02 0.1379E-02 0.0000E+00
0.0000E+00 0.5200E-02 0.3765E-03 0.5576E-02 0.2431E-02 0.2511E-02 0.1440E-01 0.5807E-03 0.5327E-03 0.3852E-03 0.4470E-02 0.5886E-02 0.1585E-02 0.1427E-02 0.9067E-03 0.5286E-02 0.2857E-03 0.1296E-02 0.7507E-02 0.2139E-02 0.1738E-02 0.0000E+00
0.0000E+00 0.5028E-02 0.5444E-02 0.5294E-02 0.7368E-04 0.2479E-02 0.1395E-01 0.7039E-03 0.6857E-03 0.4637E-02 0.4285E-02 0.5814E-02 0.9233E-02 0.7704E-02 0.6543E-02 0.5778E-02 0.7902E-03 0.1611E-02 0.7140E-02 0.2327E-02 0.1880E-02 0.0000E+00
0.0000E+00 0.4794E-02 0.5600E-02 0.2085E-03 0.1402E-03 0.2661E-02 0.1464E-01 0.8014E-03 0.8527E-03 0.4463E-02 0.3983E-03 0.5628E-02 0.9068E-02 0.1290E-03 0.2656E-03 0.1158E-03 0.1201E-03 0.1939E-02 0.6828E-02 0.2309E-02 0.2019E-02 0.0000E+00
0.0000E+00 0.4573E-02 0.5503E-02 0.2729E-03 0.4418E-03 0.2815E-02 0.1433E-01 0.9943E-04 0.8792E-03 0.4268E-02 0.5204E-03 0.5461E-02 0.8816E-02 0.2333E-03 0.3823E-03 0.3420E-03 0.3820E-03 0.2283E-02 0.6512E-02 0.2418E-02 0.2185E-02 0.0000E+00
0.0000E+00 0.4459E-02 0.5337E-02 0.8212E-03 0.4986E-03 0.2773E-02 0.1384E-01 0.3776E-03 0.9100E-03 0.4273E-02 0.8869E-03 0.5523E-02 0.9071E-02 0.8243E-03 0.4545E-03 0.4054E-03 0.5934E-03 0.2640E-02 0.6336E-02 0.2421E-02 0.2256E-02 0.0000E+00
0.0000E+00 0.4205E-02 0.5259E-02 0.1095E-02 0.1064E-02 0.2883E-02 0.1303E-01 0.5330E-03 0.9217E-03 0.4213E-02 0.1150E-02 0.5860E-02 0.9144E-02 0.1348E-02 0.6870E-03 0.4588E-03 0.8093E-03 0.2647E-02 0.6079E-02 0.4717E-02 0.2311E-02 0.0000E+00
0.0000E+00 0.4052E-02 0.5229E-02 0.1229E-02 0.1567E-02 0.2996E-02 0.1264E-01 0.1442E-02 0.9338E-03 0.4030E-02 0.1305E-02 0.6105E-02 0.8845E-02 0.1778E-02 0.8906E-03 0.6829E-03 0.8523E-03 0.2840E-02 0.5811E-02 0.4771E-02 0.1126E-03 0.0000E+00
0.0000E+00 0.3996E-02 0.5243E-02 0.1328E-02 0.1703E-02 0.3053E-02 0.1364E-01 0.1434E-02 0.1206E-03 0.3854E-02 0.6857E-02 0.5683E-02 0.8543E-02 0.2237E-02 0.1138E-02 0.9252E-03 0.2017E-02 0.2787E-02 0.5306E-02 0.4994E-02 0.2775E-03 0.0000E+00
0.0000E+00 0.3864E-02 0.5284E-02 0.1816E-02 0.2113E-02 0.3055E-02 0.1306E-01 0.1056E-03 0.1985E-03 0.3704E-02 0.6660E-02 0.6682E-04 0.8279E-02 0.2484E-02 0.1173E-02 0.7386E-04 0.2187E-02 0.9628E-02 0.4970E-02 0.4797E-02 0.6184E-04 0.0000E+00
0.0000E+00 0.3565E-02 0.5103E-02 0.2211E-02 0.2328E-02 0.3088E-02 0.1269E-01 0.7123E-04 0.3133E-03 0.3562E-02 0.6628E-02 0.2255E-03 0.8111E-02 0.3014E-02 0.1286E-02 0.4304E-03 0.1320E-03 0.9347E-02 0.1756E-03 0.4768E-02 0.2743E-03 0.0000E+00
0.0000E+00 0.3233E-02 0.5167E-02 0.2369E-02 0.2803E-02 0.3514E-02 0.1258E-01 0.2459E-03 0.7281E-03 0.3651E-02 0.7009E-02 0.3453E-03 0.7779E-02 0.3088E-02 0.1729E-02 0.5720E-03 0.3816E-03 0.9072E-02 0.7064E-03 0.4667E-02 0.4984E-03 0.0000E+00
0.0000E+00 0.3120E-02 0.5147E-02 0.2614E-02 0.2968E-02 0.3437E-02 0.1230E-01 0.3493E-03 0.7773E-03 0.3638E-02 0.6940E-02 0.1608E-03 0.7729E-02 0.3597E-02 0.2247E-02 0.6515E-03 0.6461E-03 0.8972E-02 0.9989E-03 0.5462E-02 0.7924E-03 0.0000E+00
0.0000E+00 0.3437E-02 0.5593E-02 0.3223E-02 0.3647E-02 0.4175E-02 0.1204E-01 0.4414E-03 0.1064E-02 0.3594E-02 0.6899E-02 0.2818E-03 0.7620E-02 0.3583E-02 0.2685E-02 0.1322E-02 0.9339E-03 0.9013E-02 0.1205E-02 0.5391E-02 0.6865E-04 0.0000E+00
0.0000E+00 0.3269E-02 0.5485E-02 0.3646E-02 0.4247E-02 0.4613E-02 0.1162E-01 0.6129E-03 0.1205E-02 0.3390E-02 0.6743E-02 0.3831E-03 0.7424E-02 0.3779E-02 0.3120E-02 0.1083E-01 0.9442E-02 0.8769E-02 0.1987E-03 0.5307E-02 0.4785E-03 0.0000E+00
0.0000E+00 0.3109E-02 0.5294E-02 0.3627E-02 0.4693E-02 0.4573E-02 0.1100E-01 0.7596E-03 0.1310E-02 0.3631E-02 0.6863E-02 0.7301E-03 0.7338E-02 0.7454E-02 0.3103E-02 0.1105E-01 0.3111E-03 0.3471E-03 0.3766E-03 0.5273E-02 0.5363E-03 0.0000E+00
0.0000E+00 0.3171E-02 0.5127E-02 0.3629E-02 0.4884E-02 0.4629E-02 0.1073E-01 0.9867E-03 0.1396E-02 0.3977E-02 0.8151E-02 0.1126E-02 0.7196E-02 0.7613E-02 0.4147E-03 0.1109E-01 0.6255E-03 0.6431E-03 0.5023E-03 0.5094E-02 0.7705E-03 0.0000E+00
0.0000E+00 0.3095E-02 0.5033E-02 0.3655E-02 0.4842E-02 0.4619E-02 0.1035E-01 0.1059E-02 0.1646E-02 0.4634E-02 0.8125E-02 0.6740E-04 0.7185E-02 0.7626E-02 0.6336E-03 0.1077E-01 0.8395E-03 0.7080E-03 0.7056E-03 0.4935E-02 0.1022E-02 0.0000E+00
0.0000E+00 0.2992E-02 0.4910E-02 0.3624E-02 0.4788E-02 0.4623E-02 0.9971E-02 0.1141E-02 0.1723E-02 0.5225E-02 0.7980E-02 0.3950E-03 0.7056E-02 0.7479E-02 0.8422E-03 0.1056E-01 0.8897E-03 0.7631E-03 0.7859E-03 0.5993E-02 0.1193E-02 0.0000E+00
0.0000E+00 0.2918E-02 0.4919E-02 0.8852E-02 0.5199E-02 0.4576E-02 0.9631E-02 0.1174E-02 0.1757E-02 0.5562E-02 0.7685E-02 0.5290E-03 0.6968E-02 0.7683E-02 0.1122E-01 0.1041E-01 0.9300E-03 0.8063E-03 0.8490E-03 0.6039E-02 0.2942E-03 0.0000E+00
0.0000E+00 0.2732E-02 0.4888E-02 0.8692E-02 0.4438E-03 0.4484E-02 0.9184E-02 0.1258E-02 0.1789E-02 0.5519E-02 0.7537E-02 0.6373E-03 0.6673E-02 0.7729E-02 0.1087E-01 0.6845E-04 0.1008E-02 0.9671E-03 0.8796E-03 0.5893E-02 0.1011E-03 0.0000E+00
0.0000E+00 0.2666E-02 0.4711E-02 0.8579E-02 0.9415E-03 0.1259E-01 0.8704E-02 0.1326E-02 0.1901E-02 0.5543E-02 0.7373E-02 0.7172E-03 0.6427E-02 0.7612E-02 0.1081E-01 0.1628E-03 0.1054E-02 0.1137E-02 0.9073E-03 0.5648E-02 0.2089E-03 0.0000E+00
0.0000E+00 0.2508E-02 0.4542E-02 0.9356E-02 0.1067E-02 0.1208E-01 0.1198E-03 0.1369E-02 0.1386E-01 0.1250E-01 0.7160E-02 0.1334E-01 0.1323E-01 0.7391E-02 0.1204E-01 0.1293E-02 0.1122E-02 0.2482E-02 0.1152E-02 0.5707E-02 0.3500E-03 0.0000E+00
-.4999E-02 -.4999E-02 -.4999E-02 -.4999E-02 -.4999E-02 -.4999E-02 -.4999E-02 -.4999E-02 -.4999E-02 -.4999E-02 -.4999E-02 -.4999E-02 -.4999E-02 -.4999E-02 -.4999E-02 -.4999E-02 -.4999E-02 -.4999E-02 -.4999E-02 -.4999E-02 -.4999E-02 -.4999E-02
