Output/dschg001.asc
ncols     22
nrows     62
xllcorner      0.00000000
yllcorner      0.00000000
cellsize      0.50000000
nodata_value -9999
0.0000E+00 0.0000E+00 0.0000E+00 0.0000E+00 0.0000E+00 0.0000E+00 0.0000E+00 0.0000E+00 0.0000E+00 0.0000E+00 0.0000E+00 0.0000E+00 0.0000E+00 0.0000E+00 0.0000E+00 0.0000E+00 0.0000E+00 0.0000E+00 0.0000E+00 0.0000E+00 0.0000E+00 0.0000E+00
0.0000E+00 0.3571E-03 0.3973E-03 0.2708E-03 0.2813E-03 0.1859E-03 0.2447E-03 0.5170E-03 0.2666E-03 0.2716E-03 0.2927E-03 0.3481E-03 0.1793E-03 0.2387E-03 0.3144E-03 0.2176E-03 0.2198E-03 0.2961E-03 0.3195E-03 0.2145E-03 0.1556E-03 0.0000E+00
0.0000E+00 0.5711E-03 0.6292E-03 0.4173E-03 0.4906E-03 0.3657E-03 0.2973E-03 0.6954E-03 0.5162E-03 0.6781E-03 0.4303E-03 0.4984E-03 0.6679E-03 0.4714E-03 0.6257E-03 0.4089E-03 0.5878E-03 0.4435E-03 0.4932E-03 0.4949E-03 0.4893E-03 0.0000E+00
0.0000E+00 0.8272E-03 0.6387E-03 0.7272E-03 0.6429E-03 0.6336E-03 0.6396E-03 0.7978E-03 0.5147E-03 0.8061E-03 0.6510E-03 0.7883E-03 0.7438E-03 0.7075E-03 0.7328E-03 0.3963E-03 0.7299E-03 0.7544E-03 0.6030E-03 0.9338E-03 0.5832E-03 0.0000E+00
0.0000E+00 0.9737E-03 0.9134E-03 0.9485E-03 0.9396E-03 0.7628E-03 0.9072E-03 0.8625E-03 0.9965E-03 0.9994E-03 0.9163E-03 0.7397E-03 0.9270E-03 0.7845E-03 0.8361E-03 0.6018E-03 0.1126E-02 0.9777E-03 0.7682E-03 0.1075E-02 0.6119E-03 0.0000E+00
0.0000E+00 0.1107E-02 0.1127E-02 0.1084E-02 0.1214E-02 0.8567E-03 0.9836E-03 0.1020E-02 0.9633E-03 0.9289E-03 0.1015E-02 0.9805E-03 0.1055E-02 0.9047E-03 0.1085E-02 0.9146E-03 0.1131E-02 0.9226E-03 0.9035E-03 0.1024E-02 0.8309E-03 0.0000E+00
0.0000E+00 0.1070E-02 0.1055E-02 0.1388E-02 0.1178E-02 0.8365E-03 0.9840E-03 0.9246E-03 0.1229E-02 0.1005E-02 0.9912E-03 0.9397E-03 0.1309E-02 0.1015E-02 0.1182E-02 0.9736E-03 0.1059E-02 0.1019E-02 0.1159E-02 0.1174E-02 0.9175E-03 0.0000E+00
0.0000E+00 0.1121E-02 0.1144E-02 0.1411E-02 0.1244E-02 0.1083E-02 0.9345E-03 0.1107E-02 0.1506E-02 0.9570E-03 0.1142E-02 0.1085E-02 0.1441E-02 0.1042E-02 0.1303E-02 0.8817E-03 0.1107E-02 0.1087E-02 0.1267E-02 0.1344E-02 0.9379E-03 0.0000E+00
0.0000E+00 0.1181E-02 0.1283E-02 0.1417E-02 0.1322E-02 0.1256E-02 0.7702E-03 0.1077E-02 0.1289E-02 0.1052E-02 0.1148E-02 0.1189E-02 0.1578E-02 0.1047E-02 0.1370E-02 0.9702E-03 0.1057E-02 0.1192E-02 0.1289E-02 0.1496E-02 0.8705E-03 0.0000E+00
0.0000E+00 0.1201E-02 0.1353E-02 0.1414E-02 0.1340E-02 0.1159E-02 0.7350E-03 0.1236E-02 0.1422E-02 0.1101E-02 0.1174E-02 0.1193E-02 0.1516E-02 0.1174E-02 0.1241E-02 0.9684E-03 0.1076E-02 0.1246E-02 0.9232E-03 0.1818E-02 0.7824E-03 0.0000E+00
0.0000E+00 0.1330E-02 0.1469E-02 0.1303E-02 0.1273E-02 0.1163E-02 0.7215E-03 0.1299E-02 0.1218E-02 0.1123E-02 0.1307E-02 0.1318E-02 0.1497E-02 0.1210E-02 0.1245E-02 0.1002E-02 0.1182E-02 0.1224E-02 0.1191E-02 0.1583E-02 0.8797E-03 0.0000E+00
0.0000E+00 0.1351E-02 0.1496E-02 0.1391E-02 0.1280E-02 0.9333E-03 0.7431E-03 0.1291E-02 0.1110E-02 0.1205E-02 0.1518E-02 0.1148E-02 0.1539E-02 0.1303E-02 0.1328E-02 0.9099E-03 0.1151E-02 0.1042E-02 0.1103E-02 0.1276E-02 0.8939E-03 0.0000E+00
0.0000E+00 0.1354E-02 0.1633E-02 0.1766E-02 0.1358E-02 0.1066E-02 0.7245E-03 0.1160E-02 0.1140E-02 0.1245E-02 0.1571E-02 0.1268E-02 0.1182E-02 0.1168E-02 0.1254E-02 0.1269E-02 0.8577E-03 0.1069E-02 0.1392E-02 0.1215E-02 0.8702E-03 0.0000E+00
0.0000E+00 0.1182E-02 0.1577E-02 0.1585E-02 0.1431E-02 0.1316E-02 0.1038E-02 0.2241E-02 0.1264E-02 0.1053E-02 0.2266E-02 0.1351E-02 0.1044E-02 0.1078E-02 0.1328E-02 0.1453E-02 0.1096E-02 0.1276E-02 0.1202E-02 0.1039E-02 0.1084E-02 0.0000E+00
0.0000E+00 0.1090E-02 0.1488E-02 0.1626E-02 0.1414E-02 0.1444E-02 0.1034E-02 0.2055E-02 0.2983E-03 0.4253E-03 0.2035E-02 0.1431E-02 0.1191E-02 0.1080E-02 0.1192E-02 0.1422E-02 0.1187E-02 0.1344E-02 0.1337E-02 0.9198E-03 0.9258E-03 0.0000E+00
0.0000E+00 0.1047E-02 0.1592E-02 0.1643E-02 0.1447E-02 0.1282E-02 0.1066E-02 0.2013E-02 0.4988E-03 0.6689E-03 0.1867E-02 0.1420E-02 0.1161E-02 0.1177E-02 0.9357E-03 0.1156E-02 0.1068E-02 0.1365E-02 0.1168E-02 0.9149E-03 0.9976E-03 0.0000E+00
0.0000E+00 0.1075E-02 0.1491E-02 0.1839E-02 0.1492E-02 0.1424E-02 0.1182E-02 0.2072E-02 0.6525E-03 0.7607E-03 0.1677E-02 0.1318E-02 0.1143E-02 0.1348E-02 0.1380E-02 0.9825E-03 0.9997E-03 0.1419E-02 0.1161E-02 0.1117E-02 0.1202E-02 0.0000E+00
0.0000E+00 0.1163E-02 0.1291E-02 0.1712E-02 0.1373E-02 0.1345E-02 0.8978E-03 0.1679E-02 0.7499E-03 0.8314E-03 0.1548E-02 0.1193E-02 0.1337E-02 0.1227E-02 0.1425E-02 0.7510E-03 0.1085E-02 0.1285E-02 0.1231E-02 0.1085E-02 0.1541E-02 0.0000E+00
0.0000E+00 0.1357E-02 0.1194E-02 0.1591E-02 0.1183E-02 0.1366E-02 0.1132E-02 0.2575E-02 0.9350E-03 0.7822E-03 0.1443E-02 0.1312E-02 0.1273E-02 0.1044E-02 0.1475E-02 0.8605E-03 0.1036E-02 0.1217E-02 0.1295E-02 0.1441E-02 0.1813E-02 0.0000E+00
0.0000E+00 0.1501E-02 0.1710E-02 0.1589E-02 0.1136E-02 0.1373E-02 0.1189E-02 0.2433E-02 0.1423E-03 0.8495E-03 0.1408E-02 0.1481E-02 0.1276E-02 0.1207E-02 0.1332E-02 0.6882E-03 0.1293E-02 0.1202E-02 0.1413E-02 0.1634E-02 0.1670E-02 0.0000E+00
0.0000E+00 0.1755E-02 0.1770E-02 0.1593E-02 0.1003E-02 0.2487E-02 0.3039E-02 0.2191E-02 0.4815E-03 0.9917E-03 0.1222E-02 0.1386E-02 0.1161E-02 0.1020E-02 0.1386E-02 0.5255E-03 0.1120E-02 0.1303E-02 0.1601E-02 0.1606E-02 0.1775E-02 0.0000E+00
0.0000E+00 0.1834E-02 0.1682E-02 0.1298E-02 0.2689E-03 0.5056E-02 0.2808E-02 0.1337E-03 0.6581E-03 0.1155E-02 0.9048E-03 0.1896E-02 0.9279E-03 0.1222E-02 0.1171E-02 0.1911E-03 0.1285E-02 0.2856E-02 0.1472E-02 0.1595E-02 0.1521E-02 0.0000E+00
0.0000E+00 0.1635E-02 0.1746E-02 0.1431E-02 0.5859E-03 0.4830E-02 0.2325E-03 0.2493E-03 0.7832E-03 0.1484E-02 0.1053E-02 0.1688E-02 0.4105E-03 0.1142E-02 0.1127E-02 0.2234E-03 0.1986E-03 0.2732E-02 0.1303E-02 0.1714E-02 0.1416E-02 0.0000E+00
0.0000E+00 0.1469E-02 0.1789E-02 0.1905E-02 0.8025E-03 0.4567E-02 0.3302E-03 0.7326E-03 0.7730E-03 0.1591E-02 0.1012E-02 0.1456E-02 0.7192E-03 0.1049E-02 0.9630E-03 0.3535E-03 0.6774E-03 0.2450E-02 0.1415E-02 0.2601E-02 0.1122E-02 0.0000E+00
0.0000E+00 0.1348E-02 0.2052E-02 0.1796E-02 0.2241E-03 0.4022E-02 0.5793E-03 0.1489E-02 0.6723E-03 0.1396E-02 0.1204E-02 0.1416E-02 0.8198E-03 0.1290E-02 0.1053E-02 0.5153E-03 0.9803E-03 0.2071E-02 0.1356E-02 0.2131E-02 0.4149E-03 0.0000E+00
0.0000E+00 0.1330E-02 0.2102E-02 0.1522E-02 0.5785E-03 0.3667E-02 0.6746E-03 0.1349E-02 0.3110E-03 0.1331E-02 0.1200E-02 0.1338E-02 0.8770E-03 0.1217E-02 0.9406E-03 0.5655E-03 0.1012E-02 0.1687E-02 0.1158E-02 0.1841E-02 0.6193E-03 0.0000E+00
0.0000E+00 0.1194E-02 0.1832E-02 0.1160E-02 0.7113E-03 0.3960E-02 0.4095E-02 0.1277E-02 0.4757E-03 0.1252E-02 0.9717E-03 0.1373E-02 0.1036E-02 0.1031E-02 0.1038E-02 0.6960E-03 0.1221E-02 0.1388E-02 0.1096E-02 0.1886E-02 0.8117E-03 0.0000E+00
0.0000E+00 0.2556E-02 0.1754E-02 0.1145E-02 0.3999E-03 0.2672E-03 0.6320E-02 0.2657E-02 0.1780E-02 0.1191E-02 0.9769E-03 0.1402E-02 0.1135E-02 0.1000E-02 0.1004E-02 0.8041E-03 0.1360E-02 0.1161E-02 0.3342E-02 0.1933E-02 0.6954E-03 0.0000E+00
0.0000E+00 0.2201E-02 0.3237E-03 0.1173E-02 0.6877E-03 0.5046E-03 0.5598E-02 0.1914E-03 0.2256E-03 0.2896E-03 0.1062E-02 0.1298E-02 0.1355E-02 0.7807E-03 0.1066E-02 0.9982E-03 0.1467E-02 0.3794E-03 0.2897E-02 0.2885E-03 0.7603E-03 0.0000E+00
0.0000E+00 0.1855E-02 0.2535E-03 0.1036E-02 0.7820E-03 0.7060E-03 0.4537E-02 0.2589E-03 0.5277E-03 0.5867E-03 0.1083E-02 0.1244E-02 0.1621E-02 0.8839E-03 0.1389E-02 0.1141E-02 0.1603E-02 0.6166E-03 0.2697E-02 0.5972E-03 0.1051E-02 0.0000E+00
0.0000E+00 0.1424E-02 0.4215E-03 0.1079E-02 0.9789E-03 0.9840E-03 0.4068E-02 0.6032E-03 0.6521E-03 0.6442E-03 0.9775E-03 0.1026E-02 0.1484E-02 0.1041E-02 0.1194E-02 0.1137E-02 0.1657E-02 0.8648E-03 0.2511E-02 0.8094E-03 0.1148E-02 0.0000E+00
0.0000E+00 0.1344E-02 0.4346E-03 0.1034E-02 0.1106E-02 0.1235E-02 0.3383E-02 0.7024E-03 0.7411E-03 0.6275E-03 0.1109E-02 0.1154E-02 0.1708E-02 0.1085E-02 0.1044E-02 0.1718E-02 0.1618E-02 0.8974E-03 0.2215E-02 0.1999E-02 0.1100E-02 0.0000E+00
0.0000E+00 0.1203E-02 0.5699E-03 0.1043E-02 0.1056E-02 0.1313E-02 0.3003E-02 0.7399E-03 0.8721E-03 0.9197E-03 0.1276E-02 0.4255E-02 0.3334E-02 0.1603E-02 0.4595E-03 0.1350E-02 0.1059E-02 0.1014E-02 0.2075E-02 0.2081E-02 0.2165E-03 0.0000E+00
0.0000E+00 0.1139E-02 0.6765E-03 0.9375E-03 0.1234E-02 0.1238E-02 0.2311E-02 0.7699E-03 0.9866E-03 0.8576E-03 0.1398E-02 0.4048E-02 0.4511E-03 0.2089E-03 0.2921E-03 0.1123E-02 0.9853E-03 0.9609E-03 0.1691E-02 0.2001E-02 0.4825E-03 0.0000E+00
0.0000E+00 0.1270E-02 0.8781E-03 0.1184E-02 0.1147E-02 0.1258E-02 0.1923E-02 0.1015E-02 0.1092E-02 0.8193E-03 0.1116E-02 0.3920E-02 0.7438E-03 0.6919E-03 0.4655E-03 0.1250E-02 0.1043E-02 0.9930E-03 0.1603E-02 0.1711E-02 0.7493E-03 0.0000E+00
0.0000E+00 0.1440E-02 0.7888E-03 0.1272E-02 0.1083E-02 0.1475E-02 0.1536E-02 0.1719E-02 0.8301E-03 0.7313E-03 0.1174E-02 0.3443E-02 0.8532E-03 0.8721E-03 0.5378E-03 0.2151E-02 0.1167E-02 0.9731E-03 0.1190E-02 0.1670E-02 0.1108E-02 0.0000E+00
0.0000E+00 0.2232E-02 0.9253E-03 0.1353E-02 0.1172E-02 0.1240E-02 0.2946E-02 0.1765E-02 0.2543E-03 0.9278E-03 0.2291E-02 0.3235E-02 0.8192E-03 0.1151E-02 0.8325E-03 0.1872E-02 0.2388E-03 0.1022E-02 0.9781E-03 0.1728E-02 0.1235E-02 0.0000E+00
0.0000E+00 0.2333E-02 0.3178E-03 0.1306E-02 0.1351E-02 0.1065E-02 0.2662E-02 0.3696E-03 0.2875E-03 0.3803E-03 0.2263E-02 0.3072E-02 0.1009E-02 0.1087E-02 0.9043E-03 0.1799E-02 0.5578E-03 0.1045E-02 0.1087E-02 0.1496E-02 0.1532E-02 0.0000E+00
0.0000E+00 0.2286E-02 0.2551E-03 0.1264E-02 0.1228E-02 0.9801E-03 0.2317E-02 0.4229E-03 0.5467E-03 0.6118E-03 0.2073E-02 0.2737E-02 0.1104E-02 0.1286E-02 0.8944E-03 0.1742E-02 0.8096E-03 0.9532E-03 0.1060E-02 0.1691E-02 0.1484E-02 0.0000E+00
0.0000E+00 0.2146E-02 0.6366E-03 0.2490E-02 0.1412E-02 0.9024E-03 0.2073E-02 0.7072E-03 0.8904E-03 0.7993E-03 0.1934E-02 0.2237E-02 0.1275E-02 0.1097E-02 0.9682E-03 0.1745E-02 0.9192E-03 0.1024E-02 0.1102E-02 0.1717E-02 0.1662E-02 0.0000E+00
0.0000E+00 0.2068E-02 0.2192E-02 0.2028E-02 0.2834E-03 0.8920E-03 0.1918E-02 0.7057E-03 0.1200E-02 0.1960E-02 0.1555E-02 0.1758E-02 0.4407E-02 0.3284E-02 0.2729E-02 0.2225E-02 0.8349E-03 0.9267E-03 0.9828E-03 0.1745E-02 0.1521E-02 0.0000E+00
0.0000E+00 0.1894E-02 0.2161E-02 0.3737E-03 0.6989E-03 0.8822E-03 0.2529E-02 0.8659E-03 0.1256E-02 0.1770E-02 0.2975E-03 0.1462E-02 0.4094E-02 0.2170E-03 0.2163E-03 0.2771E-03 0.2205E-03 0.9420E-03 0.1017E-02 0.1737E-02 0.1577E-02 0.0000E+00
0.0000E+00 0.1686E-02 0.1845E-02 0.5720E-03 0.8646E-03 0.8884E-03 0.2561E-02 0.1894E-03 0.9765E-03 0.1718E-02 0.4509E-03 0.1441E-02 0.3610E-02 0.5439E-03 0.5349E-03 0.4455E-03 0.4422E-03 0.1134E-02 0.1091E-02 0.1786E-02 0.1781E-02 0.0000E+00
0.0000E+00 0.1725E-02 0.1772E-02 0.6789E-03 0.8684E-03 0.1017E-02 0.2311E-02 0.5462E-03 0.9861E-03 0.1617E-02 0.7779E-03 0.1050E-02 0.3065E-02 0.7038E-03 0.8348E-03 0.6897E-03 0.7148E-03 0.1096E-02 0.1197E-02 0.1749E-02 0.1461E-02 0.0000E+00
0.0000E+00 0.1585E-02 0.1721E-02 0.8632E-03 0.1120E-02 0.1110E-02 0.2083E-02 0.8425E-03 0.9296E-03 0.1555E-02 0.9384E-03 0.1023E-02 0.2888E-02 0.1051E-02 0.1137E-02 0.1106E-02 0.9070E-03 0.1201E-02 0.1199E-02 0.2933E-02 0.1234E-02 0.0000E+00
0.0000E+00 0.1379E-02 0.1694E-02 0.1094E-02 0.9992E-03 0.1316E-02 0.1734E-02 0.1756E-02 0.8801E-03 0.1560E-02 0.1446E-02 0.1001E-02 0.2515E-02 0.1202E-02 0.1344E-02 0.1325E-02 0.1059E-02 0.9795E-03 0.1306E-02 0.2824E-02 0.2074E-03 0.0000E+00
0.0000E+00 0.1407E-02 0.1393E-02 0.1253E-02 0.1012E-02 0.1471E-02 0.3222E-02 0.1805E-02 0.2152E-03 0.1409E-02 0.2296E-02 0.9081E-03 0.2192E-02 0.1038E-02 0.1149E-02 0.1260E-02 0.2227E-02 0.1140E-02 0.1171E-02 0.2742E-02 0.2815E-03 0.0000E+00
0.0000E+00 0.1612E-02 0.1581E-02 0.1310E-02 0.9833E-03 0.1564E-02 0.3509E-02 0.1332E-03 0.5081E-03 0.1534E-02 0.2026E-02 0.2090E-03 0.1894E-02 0.1110E-02 0.1210E-02 0.2179E-03 0.2086E-02 0.3761E-02 0.9308E-03 0.2461E-02 0.1299E-03 0.0000E+00
0.0000E+00 0.1625E-02 0.1471E-02 0.1343E-02 0.8995E-03 0.1567E-02 0.3523E-02 0.2688E-03 0.8068E-03 0.1505E-02 0.1995E-02 0.5412E-03 0.1720E-02 0.1128E-02 0.1190E-02 0.4871E-03 0.2263E-03 0.3349E-02 0.3552E-03 0.2090E-02 0.3557E-03 0.0000E+00
0.0000E+00 0.1673E-02 0.1153E-02 0.1440E-02 0.9979E-03 0.1292E-02 0.3307E-02 0.4549E-03 0.7466E-03 0.1367E-02 0.2397E-02 0.6603E-03 0.1387E-02 0.1230E-02 0.1177E-02 0.6818E-03 0.3875E-03 0.3392E-02 0.7413E-03 0.2137E-02 0.5500E-03 0.0000E+00
0.0000E+00 0.1342E-02 0.1370E-02 0.1420E-02 0.1096E-02 0.1228E-02 0.2896E-02 0.5839E-03 0.7725E-03 0.1494E-02 0.2364E-02 0.1932E-03 0.1248E-02 0.1032E-02 0.1227E-02 0.6604E-03 0.6732E-03 0.3234E-02 0.7433E-03 0.2764E-02 0.6095E-03 0.0000E+00
0.0000E+00 0.1231E-02 0.1416E-02 0.1358E-02 0.1107E-02 0.1417E-02 0.2522E-02 0.8081E-03 0.9436E-03 0.1489E-02 0.2154E-02 0.4899E-03 0.1383E-02 0.1220E-02 0.1278E-02 0.1010E-02 0.7643E-03 0.3353E-02 0.8182E-03 0.2413E-02 0.2882E-03 0.0000E+00
0.0000E+00 0.1244E-02 0.1440E-02 0.1131E-02 0.1319E-02 0.1223E-02 0.2275E-02 0.1128E-02 0.9440E-03 0.1620E-02 0.2017E-02 0.5088E-03 0.1396E-02 0.1242E-02 0.1190E-02 0.3614E-02 0.3130E-02 0.2555E-02 0.2433E-03 0.2118E-02 0.4381E-03 0.0000E+00
0.0000E+00 0.1273E-02 0.1382E-02 0.1557E-02 0.1351E-02 0.1278E-02 0.1999E-02 0.1280E-02 0.1065E-02 0.1329E-02 0.1843E-02 0.9264E-03 0.1352E-02 0.2698E-02 0.1161E-02 0.2882E-02 0.2962E-03 0.3602E-03 0.4909E-03 0.1660E-02 0.6285E-03 0.0000E+00
0.0000E+00 0.1249E-02 0.1195E-02 0.1456E-02 0.1218E-02 0.1247E-02 0.1490E-02 0.1231E-02 0.1325E-02 0.1497E-02 0.2670E-02 0.1039E-02 0.1350E-02 0.2512E-02 0.3583E-03 0.2399E-02 0.5660E-03 0.6473E-03 0.5140E-03 0.1504E-02 0.8817E-03 0.0000E+00
0.0000E+00 0.1481E-02 0.1518E-02 0.1595E-02 0.1427E-02 0.1478E-02 0.1365E-02 0.1134E-02 0.1525E-02 0.1304E-02 0.2337E-02 0.2691E-03 0.1407E-02 0.2213E-02 0.4316E-03 0.2080E-02 0.8307E-03 0.9520E-03 0.6387E-03 0.1370E-02 0.8912E-03 0.0000E+00
0.0000E+00 0.1441E-02 0.1691E-02 0.1532E-02 0.1368E-02 0.1683E-02 0.1378E-02 0.1019E-02 0.1384E-02 0.1394E-02 0.2121E-02 0.4277E-03 0.1487E-02 0.2049E-02 0.6575E-03 0.2240E-02 0.9335E-03 0.1164E-02 0.9248E-03 0.2184E-02 0.1040E-02 0.0000E+00
0.0000E+00 0.1507E-02 0.1758E-02 0.2977E-02 0.1617E-02 0.1652E-02 0.1276E-02 0.8557E-03 0.1370E-02 0.1470E-02 0.2189E-02 0.5239E-03 0.1531E-02 0.1892E-02 0.2342E-02 0.2043E-02 0.1084E-02 0.1162E-02 0.1369E-02 0.2787E-02 0.3381E-03 0.0000E+00
0.0000E+00 0.1588E-02 0.1395E-02 0.3011E-02 0.4533E-03 0.1627E-02 0.1205E-02 0.8555E-03 0.1419E-02 0.1458E-02 0.1902E-02 0.7294E-03 0.1506E-02 0.1751E-02 0.2320E-02 0.3117E-03 0.1270E-02 0.1061E-02 0.1315E-02 0.2692E-02 0.3415E-03 0.0000E+00
0.0000E+00 0.1476E-02 0.1520E-02 0.2894E-02 0.7478E-03 0.3085E-02 0.1425E-02 0.9614E-03 0.1480E-02 0.1424E-02 0.1735E-02 0.8189E-03 0.1456E-02 0.1719E-02 0.2258E-02 0.4713E-03 0.1203E-02 0.1289E-02 0.1485E-02 0.2470E-02 0.6929E-03 0.0000E+00
0.0000E+00 0.1511E-02 0.1548E-02 0.3607E-02 0.1094E-02 0.3375E-02 0.3572E-03 0.8985E-03 0.4017E-02 0.2910E-02 0.1758E-02 0.3441E-02 0.3097E-02 0.1652E-02 0.3298E-02 0.1426E-02 0.1133E-02 0.2576E-02 0.1466E-02 0.3065E-02 0.8470E-03 0.0000E+00
-.4999E-02 -.4999E-02 -.4999E-02 -.4999E-02 -.4999E-02 -.4999E-02 -.4999E-02 -.4999E-02 -.4999E-02 -.4999E-02 -.4999E-02 -.4999E-02 -.4999E-02 -.4999E-02 -.4999E-02 -.4999E-02 -.4999E-02 -.4999E-02 -.4999E-02 -.4999E-02 -.4999E-02 -.4999E-02
