Output/ksat_002.asc
ncols     22
nrows     62
xllcorner      0.00000000
yllcorner      0.00000000
cellsize      0.50000000
nodata_value -9999
0.8113E-02 0.1110E-01 0.1005E-01 0.8874E-02 0.1125E-01 0.9414E-02 0.8679E-02 0.8085E-02 0.9847E-02 0.9120E-02 0.9287E-02 0.1064E-01 0.1086E-01 0.9241E-02 0.9017E-02 0.8619E-02 0.9942E-02 0.1073E-01 0.1001E-01 0.9564E-02 0.1145E-01 0.1071E-01
0.1129E-01 0.9036E-02 0.8577E-02 0.9854E-02 0.1002E-01 0.1120E-01 0.1035E-01 0.9499E-02 0.1013E-01 0.1003E-01 0.9687E-02 0.9342E-02 0.1128E-01 0.1051E-01 0.9676E-02 0.1005E-01 0.1041E-01 0.9821E-02 0.9646E-02 0.1076E-01 0.1142E-01 0.1007E-01
0.9983E-02 0.1016E-01 0.9837E-02 0.1095E-01 0.1039E-01 0.1068E-01 0.9827E-02 0.1007E-01 0.9852E-02 0.8300E-02 0.1098E-01 0.1063E-01 0.7555E-02 0.1009E-01 0.8896E-02 0.1025E-01 0.8691E-02 0.1081E-01 0.1061E-01 0.9614E-02 0.8905E-02 0.9793E-02
0.9265E-02 0.9540E-02 0.1159E-01 0.9043E-02 0.1047E-01 0.9604E-02 0.8942E-02 0.9995E-02 0.1158E-01 0.1033E-01 0.9822E-02 0.8859E-02 0.1059E-01 0.9517E-02 0.1057E-01 0.1240E-01 0.1059E-01 0.9091E-02 0.1078E-01 0.7710E-02 0.1086E-01 0.1002E-01
0.1168E-01 0.1017E-01 0.9185E-02 0.9475E-02 0.8930E-02 0.1061E-01 0.9245E-02 0.1044E-01 0.7373E-02 0.9422E-02 0.9161E-02 0.1186E-01 0.9727E-02 0.1051E-01 0.1052E-01 0.1026E-01 0.8164E-02 0.9324E-02 0.9220E-02 0.9504E-02 0.1145E-01 0.9995E-02
0.1012E-01 0.9865E-02 0.9414E-02 0.1004E-01 0.8818E-02 0.1071E-01 0.1069E-01 0.9732E-02 0.1112E-01 0.1163E-01 0.1027E-01 0.9218E-02 0.1013E-01 0.1027E-01 0.9035E-02 0.8649E-02 0.1096E-01 0.1151E-01 0.9799E-02 0.1129E-01 0.9687E-02 0.9670E-02
0.1114E-01 0.1122E-01 0.1166E-01 0.8577E-02 0.1114E-01 0.1153E-01 0.1126E-01 0.1156E-01 0.8674E-02 0.1038E-01 0.1101E-01 0.1104E-01 0.8772E-02 0.1028E-01 0.1007E-01 0.1032E-01 0.1102E-01 0.1018E-01 0.8874E-02 0.9514E-02 0.1014E-01 0.1042E-01
0.8990E-02 0.1001E-01 0.1022E-01 0.1030E-01 0.1004E-01 0.9026E-02 0.1159E-01 0.9499E-02 0.8296E-02 0.1108E-01 0.9669E-02 0.9635E-02 0.9386E-02 0.1069E-01 0.9614E-02 0.1153E-01 0.9738E-02 0.1016E-01 0.9594E-02 0.8688E-02 0.1044E-01 0.8865E-02
0.9146E-02 0.1021E-01 0.9333E-02 0.1000E-01 0.9830E-02 0.9225E-02 0.1139E-01 0.1090E-01 0.1203E-01 0.9836E-02 0.1017E-01 0.9773E-02 0.9225E-02 0.1031E-01 0.9190E-02 0.9872E-02 0.1058E-01 0.9347E-02 0.9935E-02 0.8761E-02 0.1111E-01 0.9358E-02
0.1014E-01 0.1062E-01 0.9873E-02 0.1027E-01 0.1036E-01 0.1110E-01 0.1086E-01 0.9290E-02 0.9569E-02 0.1028E-01 0.1016E-01 0.1064E-01 0.1072E-01 0.9370E-02 0.1076E-01 0.1058E-01 0.1009E-01 0.9386E-02 0.1276E-01 0.7458E-02 0.1127E-01 0.8477E-02
0.9375E-02 0.8902E-02 0.9485E-02 0.1117E-01 0.1066E-01 0.1045E-01 0.1119E-01 0.9920E-02 0.1177E-01 0.1021E-01 0.9357E-02 0.9424E-02 0.9960E-02 0.9989E-02 0.1007E-01 0.1030E-01 0.9281E-02 0.1015E-01 0.8317E-02 0.1096E-01 0.9650E-02 0.8673E-02
0.1041E-01 0.9562E-02 0.9748E-02 0.9441E-02 0.1009E-01 0.1230E-01 0.1093E-01 0.1040E-01 0.1067E-01 0.9770E-02 0.8594E-02 0.1074E-01 0.8966E-02 0.9459E-02 0.9237E-02 0.1086E-01 0.1026E-01 0.1133E-01 0.1057E-01 0.1148E-01 0.1007E-01 0.1067E-01
0.1137E-01 0.1001E-01 0.9008E-02 0.7175E-02 0.9499E-02 0.9645E-02 0.1119E-01 0.1137E-01 0.1000E-01 0.9844E-02 0.9463E-02 0.8587E-02 0.1162E-01 0.1091E-01 0.1050E-01 0.7654E-02 0.1178E-01 0.9269E-02 0.7768E-02 0.1021E-01 0.1041E-01 0.1066E-01
0.1024E-01 0.1106E-01 0.9901E-02 0.1082E-01 0.9521E-02 0.8427E-02 0.8505E-02 0.1069E-01 0.8653E-02 0.1107E-01 0.8989E-02 0.8876E-02 0.1071E-01 0.1089E-01 0.9531E-02 0.8671E-02 0.8504E-02 0.8309E-02 0.1109E-01 0.1124E-01 0.8499E-02 0.1023E-01
0.9212E-02 0.1084E-01 0.9702E-02 0.9444E-02 0.1008E-01 0.8973E-02 0.1077E-01 0.1057E-01 0.9795E-02 0.8485E-02 0.9560E-02 0.9204E-02 0.8863E-02 0.9836E-02 0.1084E-01 0.1008E-01 0.9726E-02 0.9453E-02 0.8877E-02 0.1080E-01 0.1146E-01 0.9722E-02
0.9629E-02 0.1077E-01 0.8901E-02 0.9672E-02 0.9811E-02 0.1123E-01 0.1012E-01 0.9464E-02 0.1058E-01 0.9939E-02 0.9857E-02 0.9918E-02 0.1001E-01 0.8999E-02 0.1144E-01 0.1131E-01 0.1102E-01 0.9632E-02 0.1093E-01 0.1013E-01 0.9801E-02 0.9637E-02
0.9216E-02 0.1028E-01 0.1067E-01 0.8516E-02 0.9723E-02 0.9002E-02 0.9631E-02 0.8960E-02 0.1059E-01 0.1097E-01 0.1051E-01 0.1082E-01 0.1026E-01 0.8740E-02 0.6994E-02 0.1104E-01 0.1072E-01 0.9499E-02 0.9970E-02 0.8539E-02 0.8637E-02 0.1035E-01
0.9095E-02 0.9880E-02 0.1087E-01 0.1005E-01 0.1073E-01 0.1035E-01 0.1263E-01 0.1201E-01 0.1044E-01 0.1070E-01 0.1022E-01 0.1101E-01 0.8713E-02 0.1107E-01 0.9574E-02 0.1229E-01 0.9678E-02 0.1106E-01 0.9546E-02 0.1040E-01 0.7610E-02 0.9721E-02
0.1043E-01 0.8980E-02 0.1052E-01 0.1020E-01 0.1159E-01 0.9915E-02 0.8603E-02 0.9257E-02 0.9388E-02 0.1109E-01 0.1012E-01 0.9258E-02 0.1074E-01 0.1180E-01 0.9649E-02 0.1001E-01 0.1077E-01 0.1042E-01 0.9599E-02 0.7590E-02 0.7969E-02 0.1013E-01
0.8535E-02 0.8824E-02 0.6450E-02 0.9552E-02 0.9776E-02 0.1006E-01 0.9959E-02 0.9407E-02 0.1165E-01 0.1031E-01 0.9575E-02 0.8803E-02 0.1010E-01 0.8557E-02 0.1038E-01 0.1204E-01 0.8372E-02 0.1023E-01 0.9383E-02 0.8704E-02 0.1090E-01 0.1003E-01
0.9217E-02 0.8111E-02 0.8938E-02 0.9235E-02 0.1066E-01 0.8505E-02 0.1027E-01 0.1015E-01 0.8681E-02 0.9545E-02 0.1085E-01 0.9930E-02 0.1025E-01 0.1096E-01 0.1146E-01 0.1081E-01 0.1118E-01 0.9481E-02 0.8705E-02 0.1005E-01 0.8969E-02 0.9572E-02
0.1013E-01 0.8909E-02 0.1029E-01 0.1184E-01 0.1028E-01 0.9332E-02 0.1019E-01 0.1189E-01 0.9953E-02 0.8740E-02 0.1200E-01 0.1174E-01 0.1099E-01 0.8359E-02 0.1069E-01 0.1069E-01 0.1010E-01 0.7535E-02 0.1075E-01 0.9878E-02 0.1136E-01 0.9551E-02
0.9166E-02 0.1083E-01 0.9361E-02 0.9089E-02 0.9147E-02 0.8777E-02 0.1058E-01 0.1056E-01 0.1033E-01 0.7605E-02 0.8876E-02 0.1043E-01 0.8381E-02 0.1033E-01 0.1011E-01 0.1090E-01 0.1113E-01 0.9809E-02 0.1123E-01 0.9084E-02 0.1026E-01 0.1006E-01
0.1236E-01 0.1103E-01 0.9170E-02 0.1157E-01 0.9522E-02 0.8957E-02 0.1154E-01 0.7621E-02 0.1149E-01 0.9107E-02 0.1055E-01 0.1086E-01 0.9118E-02 0.1092E-01 0.1134E-01 0.1132E-01 0.7858E-02 0.1062E-01 0.8804E-02 0.9373E-02 0.1210E-01 0.9697E-02
0.9134E-02 0.1047E-01 0.7696E-02 0.1005E-01 0.1071E-01 0.1055E-01 0.9723E-02 0.9152E-02 0.1143E-01 0.1080E-01 0.8645E-02 0.9774E-02 0.1051E-01 0.8489E-02 0.9176E-02 0.1004E-01 0.8476E-02 0.1039E-01 0.9519E-02 0.1025E-01 0.8447E-02 0.9194E-02
0.1019E-01 0.9687E-02 0.8907E-02 0.1129E-01 0.8768E-02 0.9688E-02 0.1111E-01 0.1124E-01 0.9703E-02 0.1015E-01 0.9938E-02 0.9734E-02 0.1050E-01 0.1015E-01 0.1058E-01 0.1108E-01 0.1044E-01 0.1106E-01 0.1100E-01 0.1002E-01 0.1002E-01 0.1062E-01
0.9332E-02 0.1095E-01 0.1066E-01 0.1225E-01 0.1025E-01 0.9133E-02 0.1009E-01 0.1083E-01 0.1070E-01 0.1019E-01 0.1180E-01 0.9284E-02 0.9644E-02 0.1065E-01 0.9249E-02 0.1027E-01 0.8860E-02 0.1118E-01 0.1055E-01 0.8383E-02 0.9624E-02 0.1007E-01
0.9822E-02 0.1065E-01 0.9414E-02 0.9863E-02 0.8654E-02 0.1005E-01 0.9827E-02 0.1170E-01 0.9131E-02 0.1040E-01 0.9974E-02 0.9376E-02 0.9902E-02 0.1024E-01 0.1021E-01 0.1005E-01 0.9187E-02 0.9858E-02 0.1152E-01 0.8193E-02 0.1180E-01 0.9353E-02
0.1023E-01 0.1121E-01 0.9160E-02 0.9455E-02 0.9215E-02 0.7598E-02 0.1107E-01 0.1088E-01 0.1063E-01 0.9991E-02 0.9485E-02 0.9862E-02 0.8542E-02 0.1219E-01 0.9949E-02 0.9363E-02 0.9386E-02 0.8867E-02 0.1015E-01 0.9934E-02 0.1050E-01 0.1130E-01
0.1218E-01 0.1031E-01 0.1022E-01 0.1070E-01 0.1001E-01 0.9618E-02 0.1223E-01 0.1037E-01 0.9530E-02 0.9703E-02 0.1038E-01 0.1017E-01 0.8072E-02 0.9928E-02 0.8111E-02 0.9716E-02 0.8954E-02 0.9876E-02 0.9078E-02 0.9315E-02 0.8571E-02 0.9714E-02
0.9051E-02 0.1174E-01 0.1085E-01 0.9871E-02 0.9528E-02 0.9080E-02 0.9673E-02 0.9024E-02 0.1069E-01 0.1096E-01 0.1157E-01 0.1211E-01 0.1105E-01 0.9433E-02 0.1143E-01 0.1048E-01 0.9370E-02 0.8887E-02 0.8985E-02 0.9587E-02 0.9311E-02 0.9422E-02
0.9653E-02 0.9883E-02 0.1206E-01 0.1046E-01 0.9627E-02 0.8887E-02 0.1110E-01 0.1077E-01 0.1080E-01 0.1140E-01 0.9450E-02 0.9339E-02 0.8329E-02 0.1014E-01 0.1060E-01 0.1009E-01 0.9401E-02 0.1056E-01 0.9798E-02 0.9330E-02 0.1047E-01 0.9351E-02
0.1006E-01 0.1035E-01 0.1068E-01 0.1047E-01 0.1081E-01 0.9554E-02 0.9812E-02 0.1098E-01 0.1018E-01 0.8714E-02 0.8827E-02 0.9744E-02 0.8810E-02 0.9769E-02 0.7954E-02 0.9912E-02 0.1114E-01 0.9166E-02 0.8767E-02 0.8971E-02 0.1085E-01 0.9637E-02
0.1170E-01 0.1005E-01 0.1018E-01 0.1146E-01 0.9247E-02 0.1068E-01 0.1104E-01 0.1076E-01 0.9769E-02 0.1126E-01 0.9015E-02 0.9311E-02 0.8198E-02 0.1104E-01 0.1012E-01 0.1038E-01 0.9591E-02 0.1060E-01 0.1040E-01 0.9513E-02 0.9436E-02 0.1034E-01
0.9518E-02 0.8950E-02 0.9511E-02 0.8412E-02 0.1104E-01 0.9830E-02 0.9868E-02 0.8877E-02 0.9622E-02 0.1099E-01 0.1209E-01 0.8843E-02 0.9225E-02 0.7759E-02 0.1044E-01 0.8743E-02 0.9530E-02 0.1024E-01 0.9228E-02 0.1072E-01 0.8981E-02 0.9501E-02
0.1015E-01 0.8778E-02 0.1091E-01 0.8967E-02 0.1061E-01 0.8518E-02 0.1020E-01 0.9543E-02 0.1149E-01 0.1119E-01 0.9872E-02 0.1076E-01 0.1041E-01 0.9705E-02 0.1097E-01 0.1061E-01 0.9095E-02 0.1050E-01 0.1183E-01 0.9273E-02 0.7858E-02 0.9701E-02
0.1119E-01 0.1058E-01 0.9578E-02 0.9176E-02 0.9452E-02 0.1180E-01 0.9717E-02 0.8896E-02 0.1013E-01 0.8964E-02 0.8179E-02 0.9244E-02 0.1138E-01 0.8676E-02 0.8910E-02 0.1099E-01 0.1051E-01 0.1019E-01 0.1124E-01 0.8846E-02 0.9532E-02 0.1084E-01
0.1072E-01 0.1062E-01 0.9541E-02 0.1022E-01 0.8734E-02 0.1148E-01 0.9777E-02 0.9164E-02 0.1240E-01 0.8923E-02 0.9497E-02 0.8910E-02 0.9208E-02 0.1087E-01 0.1046E-01 0.9920E-02 0.9276E-02 0.1023E-01 0.9151E-02 0.1103E-01 0.8315E-02 0.1017E-01
0.1028E-01 0.9661E-02 0.1047E-01 0.1062E-01 0.1097E-01 0.1103E-01 0.1063E-01 0.1181E-01 0.9829E-02 0.1014E-01 0.1063E-01 0.9852E-02 0.9731E-02 0.8640E-02 0.1085E-01 0.9976E-02 0.9568E-02 0.1133E-01 0.1049E-01 0.8244E-02 0.1060E-01 0.1081E-01
0.8950E-02 0.1005E-01 0.8580E-02 0.1020E-01 0.8671E-02 0.1063E-01 0.1026E-01 0.9102E-02 0.8520E-02 0.1001E-01 0.9687E-02 0.1117E-01 0.9222E-02 0.1181E-01 0.1027E-01 0.9142E-02 0.1041E-01 0.1023E-01 0.1029E-01 0.9505E-02 0.8821E-02 0.9296E-02
0.9640E-02 0.9570E-02 0.1162E-01 0.1161E-01 0.9955E-02 0.1051E-01 0.9743E-02 0.1097E-01 0.8236E-02 0.1171E-01 0.1149E-01 0.1123E-01 0.8838E-02 0.1106E-01 0.1032E-01 0.8896E-02 0.1109E-01 0.1104E-01 0.1114E-01 0.9382E-02 0.1071E-01 0.1091E-01
0.8244E-02 0.1039E-01 0.9233E-02 0.9013E-02 0.8420E-02 0.1084E-01 0.1032E-01 0.9490E-02 0.9193E-02 0.9492E-02 0.9843E-02 0.1057E-01 0.9418E-02 0.1063E-01 0.1074E-01 0.1004E-01 0.1066E-01 0.1035E-01 0.9993E-02 0.9369E-02 0.9326E-02 0.1045E-01
0.1111E-01 0.1086E-01 0.1126E-01 0.1041E-01 0.9881E-02 0.1015E-01 0.8727E-02 0.1129E-01 0.1209E-01 0.9082E-02 0.1092E-01 0.8947E-02 0.1045E-01 0.9218E-02 0.9363E-02 0.1094E-01 0.1045E-01 0.9205E-02 0.9872E-02 0.8966E-02 0.8201E-02 0.1043E-01
0.9565E-02 0.9207E-02 0.9850E-02 0.1089E-01 0.1129E-01 0.9597E-02 0.1057E-01 0.9036E-02 0.1057E-01 0.9824E-02 0.8782E-02 0.1212E-01 0.1101E-01 0.1012E-01 0.8949E-02 0.9577E-02 0.9450E-02 0.1076E-01 0.9659E-02 0.9647E-02 0.1168E-01 0.1012E-01
0.8812E-02 0.1047E-01 0.9752E-02 0.9757E-02 0.9010E-02 0.9772E-02 0.9374E-02 0.8833E-02 0.1071E-01 0.9616E-02 0.9830E-02 0.1034E-01 0.9069E-02 0.8143E-02 0.8576E-02 0.7800E-02 0.9709E-02 0.9522E-02 0.1033E-01 0.9459E-02 0.1131E-01 0.1052E-01
0.1002E-01 0.1101E-01 0.9549E-02 0.9211E-02 0.1152E-01 0.8854E-02 0.1092E-01 0.9481E-02 0.1071E-01 0.9231E-02 0.6789E-02 0.1026E-01 0.1040E-01 0.9341E-02 0.8754E-02 0.8694E-02 0.9627E-02 0.1204E-01 0.9241E-02 0.1103E-01 0.1094E-01 0.8485E-02
0.1129E-01 0.9553E-02 0.1170E-01 0.9593E-02 0.1066E-01 0.9170E-02 0.1081E-01 0.9378E-02 0.1086E-01 0.1056E-01 0.8983E-02 0.8749E-02 0.1007E-01 0.1186E-01 0.1156E-01 0.1033E-01 0.9345E-02 0.9025E-02 0.1075E-01 0.1076E-01 0.1013E-01 0.9750E-02
0.1035E-01 0.8326E-02 0.8400E-02 0.9949E-02 0.1086E-01 0.9397E-02 0.7554E-02 0.1198E-01 0.9521E-02 0.8821E-02 0.1096E-01 0.1099E-01 0.1024E-01 0.1019E-01 0.1004E-01 0.1080E-01 0.8717E-02 0.1015E-01 0.1183E-01 0.1000E-01 0.1196E-01 0.1064E-01
0.7595E-02 0.8659E-02 0.9941E-02 0.9891E-02 0.1142E-01 0.9709E-02 0.8134E-02 0.1027E-01 0.9081E-02 0.9846E-02 0.9588E-02 0.9262E-02 0.9633E-02 0.1044E-01 0.1066E-01 0.9830E-02 0.1075E-01 0.1073E-01 0.9315E-02 0.1105E-01 0.1037E-01 0.8019E-02
0.9698E-02 0.8460E-02 0.1179E-01 0.9350E-02 0.9835E-02 0.1178E-01 0.9256E-02 0.1051E-01 0.1181E-01 0.1090E-01 0.1056E-01 0.1044E-01 0.1078E-01 0.9631E-02 0.1060E-01 0.9995E-02 0.1102E-01 0.8181E-02 0.8518E-02 0.8667E-02 0.1009E-01 0.8953E-02
0.1036E-01 0.1155E-01 0.8419E-02 0.1018E-01 0.9570E-02 0.1062E-01 0.1064E-01 0.1056E-01 0.1120E-01 0.9214E-02 0.9368E-02 0.1113E-01 0.1032E-01 0.1190E-01 0.9917E-02 0.1175E-01 0.9368E-02 0.9074E-02 0.1142E-01 0.8517E-02 0.1117E-01 0.9300E-02
0.9130E-02 0.1081E-01 0.9530E-02 0.1043E-01 0.1033E-01 0.8735E-02 0.1041E-01 0.9602E-02 0.9576E-02 0.9794E-02 0.1051E-01 0.9717E-02 0.8986E-02 0.8971E-02 0.9796E-02 0.8386E-02 0.1064E-01 0.9757E-02 0.9673E-02 0.1046E-01 0.9988E-02 0.1100E-01
0.1128E-01 0.1015E-01 0.9655E-02 0.1172E-01 0.8699E-02 0.1153E-01 0.9981E-02 0.8479E-02 0.1071E-01 0.8741E-02 0.1019E-01 0.1201E-01 0.1009E-01 0.1026E-01 0.1046E-01 0.1046E-01 0.8640E-02 0.1138E-01 0.1046E-01 0.1018E-01 0.1080E-01 0.1122E-01
0.1034E-01 0.1019E-01 0.1047E-01 0.7200E-02 0.1000E-01 0.9355E-02 0.1027E-01 0.9508E-02 0.9848E-02 0.1203E-01 0.1067E-01 0.7999E-02 0.1043E-01 0.7410E-02 0.1029E-01 0.1204E-01 0.9857E-02 0.9320E-02 0.1013E-01 0.1172E-01 0.1015E-01 0.9932E-02
0.1011E-01 0.1032E-01 0.1166E-01 0.1049E-01 0.1132E-01 0.1019E-01 0.1218E-01 0.1104E-01 0.8620E-02 0.8866E-02 0.1034E-01 0.9587E-02 0.1004E-01 0.1016E-01 0.9080E-02 0.1090E-01 0.9437E-02 0.9184E-02 0.1096E-01 0.1016E-01 0.9341E-02 0.9606E-02
0.9286E-02 0.8379E-02 0.7915E-02 0.9170E-02 0.8774E-02 0.8431E-02 0.1011E-01 0.9804E-02 0.8528E-02 0.1144E-01 0.1111E-01 0.1001E-01 0.9620E-02 0.1119E-01 0.1161E-01 0.1034E-01 0.9322E-02 0.8747E-02 0.1039E-01 0.1048E-01 0.1063E-01 0.9881E-02
0.9515E-02 0.1046E-01 0.8933E-02 0.1068E-01 0.1069E-01 0.8425E-02 0.9548E-02 0.1080E-01 0.1099E-01 0.9400E-02 0.1049E-01 0.1089E-01 0.9065E-02 0.1010E-01 0.9858E-02 0.7766E-02 0.1047E-01 0.9276E-02 0.8818E-02 0.1040E-01 0.9454E-02 0.9396E-02
0.9566E-02 0.9772E-02 0.9629E-02 0.1027E-01 0.8418E-02 0.1028E-01 0.1074E-01 0.1201E-01 0.1043E-01 0.9318E-02 0.8326E-02 0.1108E-01 0.9344E-02 0.1014E-01 0.1114E-01 0.9898E-02 0.9716E-02 0.1081E-01 0.7188E-02 0.7087E-02 0.9307E-02 0.1023E-01
0.8769E-02 0.9222E-02 0.1239E-01 0.8889E-02 0.8239E-02 0.1036E-01 0.1081E-01 0.1095E-01 0.1000E-01 0.1000E-01 0.1066E-01 0.9839E-02 0.9989E-02 0.1004E-01 0.9114E-02 0.9682E-02 0.9025E-02 0.1135E-01 0.1059E-01 0.9267E-02 0.9324E-02 0.1115E-01
0.1099E-01 0.1036E-01 0.8980E-02 0.9719E-02 0.9290E-02 0.8851E-02 0.8489E-02 0.1007E-01 0.9805E-02 0.1034E-01 0.1023E-01 0.1073E-01 0.1033E-01 0.9522E-02 0.9453E-02 0.1082E-01 0.1053E-01 0.8729E-02 0.9014E-02 0.1004E-01 0.8923E-02 0.9101E-02
0.9530E-02 0.9023E-02 0.9129E-02 0.1061E-01 0.8195E-02 0.8932E-02 0.8936E-02 0.1078E-01 0.1061E-01 0.1079E-01 0.9071E-02 0.1105E-01 0.8621E-02 0.9414E-02 0.1086E-01 0.1160E-01 0.1075E-01 0.1019E-01 0.9835E-02 0.9844E-02 0.1004E-01 0.1160E-01
0.1063E-01 0.1029E-01 0.1068E-01 0.1054E-01 0.1047E-01 0.1029E-01 0.1067E-01 0.1010E-01 0.1127E-01 0.9977E-02 0.1023E-01 0.9985E-02 0.1059E-01 0.1092E-01 0.8179E-02 0.8952E-02 0.9777E-02 0.9929E-02 0.1072E-01 0.1086E-01 0.1053E-01 0.1022E-01
