Output/ksat_005.asc
ncols     22
nrows     62
xllcorner      0.00000000
yllcorner      0.00000000
cellsize      0.50000000
nodata_value -9999
0.6126E-03 0.3600E-02 0.2545E-02 0.1374E-02 0.3754E-02 0.1914E-02 0.1179E-02 0.5850E-03 0.2347E-02 0.1620E-02 0.1787E-02 0.3141E-02 0.3357E-02 0.1741E-02 0.1517E-02 0.1119E-02 0.2442E-02 0.3235E-02 0.2509E-02 0.2064E-02 0.3947E-02 0.3211E-02
0.3786E-02 0.1536E-02 0.1077E-02 0.2354E-02 0.2522E-02 0.3700E-02 0.2846E-02 0.1999E-02 0.2631E-02 0.2529E-02 0.2187E-02 0.1842E-02 0.3784E-02 0.3014E-02 0.2176E-02 0.2546E-02 0.2911E-02 0.2321E-02 0.2146E-02 0.3265E-02 0.3917E-02 0.2569E-02
0.2483E-02 0.2663E-02 0.2337E-02 0.3448E-02 0.2892E-02 0.3178E-02 0.2327E-02 0.2573E-02 0.2352E-02 0.8000E-03 0.3485E-02 0.3131E-02 0.5469E-04 0.2593E-02 0.1396E-02 0.2751E-02 0.1191E-02 0.3307E-02 0.3111E-02 0.2114E-02 0.1405E-02 0.2293E-02
0.1765E-02 0.2040E-02 0.4091E-02 0.1543E-02 0.2970E-02 0.2104E-02 0.1442E-02 0.2495E-02 0.4085E-02 0.2834E-02 0.2322E-02 0.1359E-02 0.3089E-02 0.2017E-02 0.3073E-02 0.4902E-02 0.3094E-02 0.1591E-02 0.3283E-02 0.2098E-03 0.3364E-02 0.2516E-02
0.4181E-02 0.2668E-02 0.1685E-02 0.1975E-02 0.1430E-02 0.3111E-02 0.1745E-02 0.2944E-02 0.1922E-02 0.1661E-02 0.4357E-02 0.2227E-02 0.3011E-02 0.3017E-02 0.2759E-02 0.6641E-03 0.1824E-02 0.1720E-02 0.2004E-02 0.3947E-02 0.2495E-02 0.2624E-02
0.2365E-02 0.1914E-02 0.2542E-02 0.1318E-02 0.3206E-02 0.3188E-02 0.2232E-02 0.3624E-02 0.4126E-02 0.2771E-02 0.1718E-02 0.2627E-02 0.2774E-02 0.1535E-02 0.1149E-02 0.3459E-02 0.4006E-02 0.2299E-02 0.3790E-02 0.2187E-02 0.2170E-02 0.3640E-02
0.3721E-02 0.4156E-02 0.1077E-02 0.3639E-02 0.4030E-02 0.3756E-02 0.4058E-02 0.1174E-02 0.2882E-02 0.3514E-02 0.3536E-02 0.1272E-02 0.2782E-02 0.2571E-02 0.2821E-02 0.3516E-02 0.2683E-02 0.1374E-02 0.2014E-02 0.2636E-02 0.2915E-02 0.1490E-02
0.2510E-02 0.2720E-02 0.2805E-02 0.2536E-02 0.1526E-02 0.4088E-02 0.1999E-02 0.7961E-03 0.3577E-02 0.2169E-02 0.2135E-02 0.1886E-02 0.3193E-02 0.2114E-02 0.4032E-02 0.2238E-02 0.2657E-02 0.2094E-02 0.1188E-02 0.2941E-02 0.1365E-02 0.1646E-02
0.2707E-02 0.1833E-02 0.2501E-02 0.2330E-02 0.1725E-02 0.3894E-02 0.3397E-02 0.4529E-02 0.2336E-02 0.2667E-02 0.2273E-02 0.1725E-02 0.2807E-02 0.1690E-02 0.2372E-02 0.3082E-02 0.1847E-02 0.2435E-02 0.1261E-02 0.3611E-02 0.1858E-02 0.2636E-02
0.3120E-02 0.2373E-02 0.2774E-02 0.2859E-02 0.3595E-02 0.3359E-02 0.1790E-02 0.2069E-02 0.2778E-02 0.2657E-02 0.3136E-02 0.3225E-02 0.1870E-02 0.3262E-02 0.3079E-02 0.2591E-02 0.1886E-02 0.5259E-02 0.3774E-02 0.9767E-03 0.1875E-02 0.1402E-02
0.1985E-02 0.3674E-02 0.3161E-02 0.2947E-02 0.3694E-02 0.2420E-02 0.4267E-02 0.2713E-02 0.1857E-02 0.1924E-02 0.2460E-02 0.2489E-02 0.2571E-02 0.2805E-02 0.1781E-02 0.2649E-02 0.8173E-03 0.3457E-02 0.2150E-02 0.1173E-02 0.2907E-02 0.2062E-02
0.2248E-02 0.1941E-02 0.2586E-02 0.4798E-02 0.3426E-02 0.2902E-02 0.3172E-02 0.2270E-02 0.1094E-02 0.3245E-02 0.1466E-02 0.1959E-02 0.1737E-02 0.3364E-02 0.2759E-02 0.3832E-02 0.3067E-02 0.3982E-02 0.2570E-02 0.3174E-02 0.3874E-02 0.2505E-02
0.1508E-02 0.1999E-02 0.2145E-02 0.3685E-02 0.3869E-02 0.2503E-02 0.2344E-02 0.1963E-02 0.1087E-02 0.4121E-02 0.3414E-02 0.2996E-02 0.1541E-03 0.4277E-02 0.1769E-02 0.2678E-03 0.2706E-02 0.2910E-02 0.3161E-02 0.2745E-02 0.3559E-02 0.2401E-02
0.3316E-02 0.2021E-02 0.9271E-03 0.1005E-02 0.3194E-02 0.1153E-02 0.3572E-02 0.1489E-02 0.1376E-02 0.3206E-02 0.3387E-02 0.2031E-02 0.1171E-02 0.1004E-02 0.8094E-03 0.3592E-02 0.3744E-02 0.9995E-03 0.2729E-02 0.1712E-02 0.3342E-02 0.2202E-02
0.1944E-02 0.2581E-02 0.1473E-02 0.3272E-02 0.3073E-02 0.2295E-02 0.9849E-03 0.2060E-02 0.1704E-02 0.1363E-02 0.2336E-02 0.3341E-02 0.2579E-02 0.2226E-02 0.1953E-02 0.1377E-02 0.3296E-02 0.3964E-02 0.2222E-02 0.2129E-02 0.3270E-02 0.1401E-02
0.2172E-02 0.2311E-02 0.3731E-02 0.2616E-02 0.1964E-02 0.3079E-02 0.2439E-02 0.2357E-02 0.2418E-02 0.2511E-02 0.1499E-02 0.3940E-02 0.3809E-02 0.3518E-02 0.2132E-02 0.3431E-02 0.2630E-02 0.2301E-02 0.2137E-02 0.1716E-02 0.2777E-02 0.3165E-02
0.1016E-02 0.2223E-02 0.1502E-02 0.2131E-02 0.1460E-02 0.3087E-02 0.3465E-02 0.3014E-02 0.3318E-02 0.2765E-02 0.1240E-02 0.3542E-02 0.3220E-02 0.1999E-02 0.2470E-02 0.1039E-02 0.1137E-02 0.2846E-02 0.1595E-02 0.2380E-02 0.3367E-02 0.2551E-02
0.3231E-02 0.2847E-02 0.5126E-02 0.4506E-02 0.2943E-02 0.3201E-02 0.2720E-02 0.3507E-02 0.1213E-02 0.3569E-02 0.2074E-02 0.4787E-02 0.2178E-02 0.3559E-02 0.2046E-02 0.2897E-02 0.1098E-03 0.2221E-02 0.2928E-02 0.1480E-02 0.3021E-02 0.2697E-02
0.4094E-02 0.2415E-02 0.1103E-02 0.1757E-02 0.1888E-02 0.3594E-02 0.2622E-02 0.1758E-02 0.3236E-02 0.4302E-02 0.2149E-02 0.2510E-02 0.3268E-02 0.2922E-02 0.2099E-02 0.9027E-04 0.4686E-03 0.2632E-02 0.1035E-02 0.1324E-02 0.2052E-02 0.2276E-02
0.2562E-02 0.2459E-02 0.1907E-02 0.4150E-02 0.2808E-02 0.2075E-02 0.1303E-02 0.2596E-02 0.1057E-02 0.2880E-02 0.4538E-02 0.8723E-03 0.2728E-02 0.1883E-02 0.1204E-02 0.3402E-02 0.2534E-02 0.1717E-02 0.6114E-03 0.1438E-02 0.1735E-02 0.3157E-02
0.1005E-02 0.2766E-02 0.2652E-02 0.1181E-02 0.2045E-02 0.3350E-02 0.2430E-02 0.2748E-02 0.3456E-02 0.3957E-02 0.3305E-02 0.3679E-02 0.1981E-02 0.1205E-02 0.2547E-02 0.1469E-02 0.2072E-02 0.2632E-02 0.1409E-02 0.2794E-02 0.4341E-02 0.2779E-02
0.1832E-02 0.2694E-02 0.4385E-02 0.2453E-02 0.1240E-02 0.4504E-02 0.4238E-02 0.3487E-02 0.8589E-03 0.3190E-02 0.3190E-02 0.2605E-02 0.3480E-04 0.3250E-02 0.2378E-02 0.3858E-02 0.2051E-02 0.1666E-02 0.3331E-02 0.1861E-02 0.1589E-02 0.1647E-02
0.1277E-02 0.3080E-02 0.3062E-02 0.2832E-02 0.1045E-03 0.1376E-02 0.2932E-02 0.8806E-03 0.2833E-02 0.2611E-02 0.3402E-02 0.3629E-02 0.2309E-02 0.3726E-02 0.1584E-02 0.2761E-02 0.2559E-02 0.4860E-02 0.3528E-02 0.1670E-02 0.4074E-02 0.2022E-02
0.1457E-02 0.4043E-02 0.1209E-03 0.3989E-02 0.1607E-02 0.3047E-02 0.3363E-02 0.1618E-02 0.3422E-02 0.3838E-02 0.3818E-02 0.3576E-03 0.3121E-02 0.1304E-02 0.1873E-02 0.4601E-02 0.2197E-02 0.1634E-02 0.2965E-02 0.1964E-03 0.2549E-02 0.3209E-02
0.3050E-02 0.2223E-02 0.1652E-02 0.3926E-02 0.3296E-02 0.1145E-02 0.2274E-02 0.3012E-02 0.9895E-03 0.1676E-02 0.2545E-02 0.9761E-03 0.2894E-02 0.2019E-02 0.2749E-02 0.9469E-03 0.1694E-02 0.2689E-02 0.2187E-02 0.1407E-02 0.3787E-02 0.1268E-02
0.2188E-02 0.3606E-02 0.3740E-02 0.2203E-02 0.2651E-02 0.2438E-02 0.2234E-02 0.3003E-02 0.2647E-02 0.3082E-02 0.3577E-02 0.2943E-02 0.3556E-02 0.3501E-02 0.2520E-02 0.2524E-02 0.3118E-02 0.1832E-02 0.3450E-02 0.3161E-02 0.4751E-02 0.2754E-02
0.1633E-02 0.2590E-02 0.3329E-02 0.3204E-02 0.2687E-02 0.4299E-02 0.1784E-02 0.2144E-02 0.3153E-02 0.1749E-02 0.2773E-02 0.1360E-02 0.3676E-02 0.3049E-02 0.8828E-03 0.2124E-02 0.2573E-02 0.2322E-02 0.3152E-02 0.1914E-02 0.2363E-02 0.1154E-02
0.2545E-02 0.2327E-02 0.4200E-02 0.1631E-02 0.2905E-02 0.2474E-02 0.1876E-02 0.2402E-02 0.2740E-02 0.2710E-02 0.2546E-02 0.1687E-02 0.2358E-02 0.4018E-02 0.6928E-03 0.4305E-02 0.1853E-02 0.2727E-02 0.3711E-02 0.1660E-02 0.1955E-02 0.1715E-02
0.9839E-04 0.3568E-02 0.3383E-02 0.3127E-02 0.2491E-02 0.1985E-02 0.2362E-02 0.1042E-02 0.4686E-02 0.2449E-02 0.1863E-02 0.1886E-02 0.1367E-02 0.2645E-02 0.2434E-02 0.2997E-02 0.3803E-02 0.4677E-02 0.2814E-02 0.2725E-02 0.3202E-02 0.2508E-02
0.2118E-02 0.4732E-02 0.2873E-02 0.2030E-02 0.2203E-02 0.2875E-02 0.2666E-02 0.5718E-03 0.2428E-02 0.6114E-03 0.2216E-02 0.1454E-02 0.2376E-02 0.1578E-02 0.1815E-02 0.1071E-02 0.2214E-02 0.1551E-02 0.4238E-02 0.3350E-02 0.2371E-02 0.2028E-02
0.1580E-02 0.2173E-02 0.1524E-02 0.3190E-02 0.3465E-02 0.4066E-02 0.4610E-02 0.3549E-02 0.1933E-02 0.3930E-02 0.2981E-02 0.1870E-02 0.1387E-02 0.1485E-02 0.2087E-02 0.1811E-02 0.1922E-02 0.2153E-02 0.2383E-02 0.4562E-02 0.2962E-02 0.2127E-02
0.1387E-02 0.3597E-02 0.3270E-02 0.3300E-02 0.3898E-02 0.1950E-02 0.1839E-02 0.8289E-03 0.2638E-02 0.3102E-02 0.2585E-02 0.1901E-02 0.3062E-02 0.2298E-02 0.1830E-02 0.2975E-02 0.1851E-02 0.2563E-02 0.2851E-02 0.3179E-02 0.2971E-02 0.3314E-02
0.2054E-02 0.2312E-02 0.3484E-02 0.2679E-02 0.1214E-02 0.1327E-02 0.2244E-02 0.1310E-02 0.2269E-02 0.4545E-03 0.2412E-02 0.3641E-02 0.1666E-02 0.1267E-02 0.1471E-02 0.3352E-02 0.2137E-02 0.4200E-02 0.2551E-02 0.2682E-02 0.3961E-02 0.1747E-02
0.3181E-02 0.3542E-02 0.3256E-02 0.2269E-02 0.3758E-02 0.1515E-02 0.1811E-02 0.6982E-03 0.3543E-02 0.2616E-02 0.2876E-02 0.2091E-02 0.3105E-02 0.2896E-02 0.2013E-02 0.1936E-02 0.2841E-02 0.2018E-02 0.1450E-02 0.2011E-02 0.9118E-03 0.3544E-02
0.2330E-02 0.2368E-02 0.1377E-02 0.2122E-02 0.3486E-02 0.4589E-02 0.1343E-02 0.1725E-02 0.2592E-03 0.2937E-02 0.1243E-02 0.2030E-02 0.2743E-02 0.1728E-02 0.3219E-02 0.1481E-02 0.2001E-02 0.2655E-02 0.1278E-02 0.3406E-02 0.1467E-02 0.3107E-02
0.1018E-02 0.2696E-02 0.2043E-02 0.3987E-02 0.3695E-02 0.2372E-02 0.3260E-02 0.2913E-02 0.2205E-02 0.3467E-02 0.3112E-02 0.1595E-02 0.2997E-02 0.4331E-02 0.1773E-02 0.3579E-03 0.2201E-02 0.3687E-02 0.3085E-02 0.2078E-02 0.1676E-02 0.1952E-02
0.4298E-02 0.2217E-02 0.1396E-02 0.2627E-02 0.1464E-02 0.6794E-03 0.1744E-02 0.3878E-02 0.1176E-02 0.1410E-02 0.3490E-02 0.3013E-02 0.2687E-02 0.3741E-02 0.1346E-02 0.2032E-02 0.3342E-02 0.3222E-02 0.3121E-02 0.2041E-02 0.2720E-02 0.1234E-02
0.3984E-02 0.2277E-02 0.1664E-02 0.4900E-02 0.1423E-02 0.1997E-02 0.1410E-02 0.1708E-02 0.3372E-02 0.2958E-02 0.2420E-02 0.1776E-02 0.2732E-02 0.1651E-02 0.3535E-02 0.8153E-03 0.2671E-02 0.2777E-02 0.2161E-02 0.2970E-02 0.3116E-02 0.3471E-02
0.3527E-02 0.3134E-02 0.4308E-02 0.2329E-02 0.2640E-02 0.3126E-02 0.2352E-02 0.2231E-02 0.1140E-02 0.3348E-02 0.2476E-02 0.2068E-02 0.3827E-02 0.2991E-02 0.7435E-03 0.3100E-02 0.3313E-02 0.1450E-02 0.2554E-02 0.1080E-02 0.2701E-02 0.1171E-02
0.3131E-02 0.2757E-02 0.1602E-02 0.1020E-02 0.2513E-02 0.2187E-02 0.3671E-02 0.1722E-02 0.4308E-02 0.2773E-02 0.1642E-02 0.2909E-02 0.2726E-02 0.2786E-02 0.2005E-02 0.1321E-02 0.1796E-02 0.2140E-02 0.2070E-02 0.4122E-02 0.4109E-02 0.2455E-02
0.3006E-02 0.2243E-02 0.3474E-02 0.7359E-03 0.4212E-02 0.3985E-02 0.3729E-02 0.1338E-02 0.3565E-02 0.2820E-02 0.1396E-02 0.3588E-02 0.3544E-02 0.3637E-02 0.1882E-02 0.3207E-02 0.3410E-02 0.7438E-03 0.2892E-02 0.1733E-02 0.1513E-02 0.9201E-03
0.3336E-02 0.2822E-02 0.1990E-02 0.1693E-02 0.1992E-02 0.2343E-02 0.3065E-02 0.1918E-02 0.3127E-02 0.3244E-02 0.2545E-02 0.3163E-02 0.2847E-02 0.2493E-02 0.1869E-02 0.1826E-02 0.2953E-02 0.3611E-02 0.3357E-02 0.3759E-02 0.2913E-02 0.2381E-02
0.2649E-02 0.1227E-02 0.3785E-02 0.4590E-02 0.1582E-02 0.3418E-02 0.1447E-02 0.2952E-02 0.1718E-02 0.1863E-02 0.3444E-02 0.2947E-02 0.1705E-02 0.2372E-02 0.1466E-02 0.7012E-03 0.2925E-02 0.2065E-02 0.1707E-02 0.2350E-02 0.3389E-02 0.3787E-02
0.2097E-02 0.3068E-02 0.1536E-02 0.3071E-02 0.2324E-02 0.1282E-02 0.4623E-02 0.3510E-02 0.2621E-02 0.1449E-02 0.2077E-02 0.1950E-02 0.3262E-02 0.2159E-02 0.2147E-02 0.4177E-02 0.2622E-02 0.1312E-02 0.2968E-02 0.2252E-02 0.2257E-02 0.1510E-02
0.2272E-02 0.1874E-02 0.1333E-02 0.3214E-02 0.2116E-02 0.2330E-02 0.2841E-02 0.1569E-02 0.6429E-03 0.1076E-02 0.2999E-03 0.2209E-02 0.2022E-02 0.2830E-02 0.1959E-02 0.3810E-02 0.3018E-02 0.2519E-02 0.3507E-02 0.2049E-02 0.1711E-02 0.4021E-02
0.1354E-02 0.3416E-02 0.1981E-02 0.3215E-02 0.1731E-02 0.2759E-02 0.2895E-02 0.1841E-02 0.1254E-02 0.1194E-02 0.2127E-02 0.4537E-02 0.1741E-02 0.3526E-02 0.3444E-02 0.9847E-03 0.3795E-02 0.2053E-02 0.4199E-02 0.2093E-02 0.3162E-02 0.1670E-02
0.3309E-02 0.1878E-02 0.3360E-02 0.3060E-02 0.1483E-02 0.1249E-02 0.2567E-02 0.4362E-02 0.4063E-02 0.2829E-02 0.1845E-02 0.1525E-02 0.3249E-02 0.3259E-02 0.2627E-02 0.2250E-02 0.2846E-02 0.8258E-03 0.8998E-03 0.2449E-02 0.3365E-02 0.1897E-02
0.5428E-04 0.4485E-02 0.2021E-02 0.1321E-02 0.3462E-02 0.3487E-02 0.2744E-02 0.2690E-02 0.2535E-02 0.3296E-02 0.1217E-02 0.2648E-02 0.4328E-02 0.2500E-02 0.4463E-02 0.3143E-02 0.9494E-04 0.1159E-02 0.2441E-02 0.2391E-02 0.3917E-02 0.2209E-02
0.6344E-03 0.2772E-02 0.1581E-02 0.2346E-02 0.2088E-02 0.1762E-02 0.2133E-02 0.2939E-02 0.3162E-02 0.2330E-02 0.3246E-02 0.3232E-02 0.1815E-02 0.3552E-02 0.2874E-02 0.5188E-03 0.2198E-02 0.9604E-03 0.4285E-02 0.1850E-02 0.2335E-02 0.4283E-02
0.1756E-02 0.3008E-02 0.4313E-02 0.3398E-02 0.3064E-02 0.2943E-02 0.3276E-02 0.2131E-02 0.3102E-02 0.2495E-02 0.3516E-02 0.6811E-03 0.1018E-02 0.1167E-02 0.2593E-02 0.1453E-02 0.2861E-02 0.4049E-02 0.9195E-03 0.2679E-02 0.2070E-02 0.3125E-02
0.3138E-02 0.3059E-02 0.3702E-02 0.1714E-02 0.1868E-02 0.3627E-02 0.2816E-02 0.4398E-02 0.2417E-02 0.4254E-02 0.1868E-02 0.1574E-02 0.3916E-02 0.1017E-02 0.3673E-02 0.1800E-02 0.1630E-02 0.3310E-02 0.2030E-02 0.2928E-02 0.2834E-02 0.1235E-02
0.2912E-02 0.2102E-02 0.2076E-02 0.2294E-02 0.3008E-02 0.2217E-02 0.1486E-02 0.1471E-02 0.2296E-02 0.8861E-03 0.3137E-02 0.2257E-02 0.2173E-02 0.2955E-02 0.2488E-02 0.3497E-02 0.3778E-02 0.2647E-02 0.2155E-02 0.4219E-02 0.1199E-02 0.4029E-02
0.2481E-02 0.9793E-03 0.3208E-02 0.1241E-02 0.2694E-02 0.4512E-02 0.2589E-02 0.2759E-02 0.2958E-02 0.2963E-02 0.1140E-02 0.3883E-02 0.2956E-02 0.2681E-02 0.3302E-02 0.3722E-02 0.2836E-02 0.2688E-02 0.2969E-02 0.2502E-02 0.1855E-02 0.2770E-02
0.2008E-02 0.2348E-02 0.4530E-02 0.3167E-02 0.4985E-03 0.2933E-02 0.2790E-02 0.4538E-02 0.2357E-02 0.1820E-02 0.2627E-02 0.4215E-02 0.2651E-02 0.2432E-02 0.2609E-02 0.2821E-02 0.4163E-02 0.2989E-02 0.3816E-02 0.2687E-02 0.4682E-02 0.3543E-02
0.1120E-02 0.1366E-02 0.2839E-02 0.2087E-02 0.2542E-02 0.2656E-02 0.1580E-02 0.3403E-02 0.1937E-02 0.1684E-02 0.3458E-02 0.2658E-02 0.1841E-02 0.2106E-02 0.1786E-02 0.8786E-03 0.4154E-03 0.1670E-02 0.1274E-02 0.9313E-03 0.2615E-02 0.2304E-02
0.1028E-02 0.3936E-02 0.3606E-02 0.2511E-02 0.2120E-02 0.3689E-02 0.4108E-02 0.2839E-02 0.1822E-02 0.1247E-02 0.2888E-02 0.2976E-02 0.3132E-02 0.2381E-02 0.2015E-02 0.2965E-02 0.1433E-02 0.3180E-02 0.3191E-02 0.9246E-03 0.2048E-02 0.3301E-02
0.3486E-02 0.1900E-02 0.2988E-02 0.3387E-02 0.1565E-02 0.2597E-02 0.2358E-02 0.2657E-03 0.2970E-02 0.1776E-02 0.1318E-02 0.2902E-02 0.1954E-02 0.1896E-02 0.2066E-02 0.2272E-02 0.2129E-02 0.2773E-02 0.9179E-03 0.2783E-02 0.3243E-02 0.4509E-02
0.2931E-02 0.1818E-02 0.8258E-03 0.3583E-02 0.1844E-02 0.2637E-02 0.3643E-02 0.2398E-02 0.2216E-02 0.3306E-02 0.1807E-02 0.2731E-02 0.1269E-02 0.1722E-02 0.4887E-02 0.1389E-02 0.7388E-03 0.2857E-02 0.3310E-02 0.3454E-02 0.2500E-02 0.2500E-02
0.3160E-02 0.2339E-02 0.2489E-02 0.2541E-02 0.1614E-02 0.2182E-02 0.1525E-02 0.3845E-02 0.3090E-02 0.1767E-02 0.1824E-02 0.3653E-02 0.3486E-02 0.2863E-02 0.1480E-02 0.2219E-02 0.1790E-02 0.1351E-02 0.9892E-03 0.2574E-02 0.2305E-02 0.2844E-02
0.2728E-02 0.3228E-02 0.2831E-02 0.2022E-02 0.1953E-02 0.3322E-02 0.3033E-02 0.1229E-02 0.1514E-02 0.2536E-02 0.1423E-02 0.1601E-02 0.2030E-02 0.1523E-02 0.1629E-02 0.3110E-02 0.6947E-03 0.1432E-02 0.1436E-02 0.3282E-02 0.3109E-02 0.3290E-02
0.1571E-02 0.3545E-02 0.1121E-02 0.1914E-02 0.3360E-02 0.4098E-02 0.3245E-02 0.2690E-02 0.2335E-02 0.2344E-02 0.2537E-02 0.4097E-02 0.3131E-02 0.2794E-02 0.3180E-02 0.3042E-02 0.2973E-02 0.2786E-02 0.3167E-02 0.2602E-02 0.3772E-02 0.2477E-02
0.2733E-02 0.2485E-02 0.3090E-02 0.3422E-02 0.6795E-03 0.1452E-02 0.2277E-02 0.2429E-02 0.3221E-02 0.3362E-02 0.3033E-02 0.2722E-02 0.2810E-02 0.3288E-02 0.2436E-02 0.1281E-02 0.2279E-02 0.7157E-03 0.2025E-02 0.2721E-02 0.1288E-02 0.2809E-02
