Output/ksat_008.asc
ncols     22
nrows     62
xllcorner      0.00000000
yllcorner      0.00000000
cellsize      0.50000000
nodata_value -9999
0.1350E-02 0.2954E-03 0.1504E-02 0.9735E-04 0.8911E-03 0.1107E-02 0.1924E-03 0.9847E-03 0.2592E-03 0.1697E-02 0.9609E-03 0.1536E-02 0.1038E-03 0.2723E-03 0.1450E-02 0.5957E-03 0.3810E-03 0.2789E-03 0.1534E-02 0.7638E-03 0.2957E-03 0.6605E-03
0.7142E-04 0.1015E-02 0.1667E-02 0.3186E-03 0.2334E-03 0.4132E-03 0.8709E-04 0.1198E-02 0.6421E-03 0.9276E-03 0.7714E-04 0.3230E-03 0.1025E-03 0.1235E-02 0.8813E-03 0.3426E-03 0.5008E-03 0.1057E-02 0.8609E-03 0.4288E-04 0.1841E-02 0.7201E-03
0.2453E-03 0.1835E-02 0.5840E-03 0.7228E-04 0.8390E-03 0.8226E-03 0.2652E-02 0.8435E-03 0.1033E-02 0.1114E-02 0.2663E-03 0.1931E-02 0.4182E-03 0.8607E-03 0.6940E-03 0.2107E-02 0.7606E-03 0.7674E-03 0.5085E-03 0.1697E-02 0.2451E-03 0.3741E-03
0.1149E-03 0.2924E-03 0.9560E-03 0.9380E-03 0.1374E-02 0.1876E-02 0.5210E-03 0.3771E-03 0.5242E-03 0.1209E-02 0.1756E-02 0.4911E-04 0.1540E-02 0.1390E-02 0.1471E-02 0.1906E-02 0.1389E-02 0.1780E-02 0.1506E-02 0.1808E-02 0.6325E-03 0.1264E-02
0.1286E-02 0.5323E-03 0.3212E-03 0.5707E-03 0.1266E-02 0.4330E-03 0.3857E-03 0.6654E-03 0.2596E-03 0.4705E-03 0.5548E-03 0.2858E-03 0.1838E-02 0.1327E-02 0.9429E-03 0.1782E-02 0.4071E-03 0.6908E-03 0.4566E-03 0.2511E-03 0.7997E-04 0.1644E-02
0.1147E-02 0.2279E-02 0.8579E-04 0.4174E-03 0.2342E-04 0.5567E-03 0.1218E-03 0.8322E-03 0.1855E-03 0.1361E-02 0.3864E-03 0.8699E-03 0.1227E-03 0.5239E-03 0.6092E-03 0.1345E-02 0.1109E-02 0.5284E-03 0.4070E-03 0.8865E-03 0.9746E-03 0.1012E-02
0.8290E-03 0.3408E-03 0.3009E-02 0.1524E-02 0.1424E-02 0.9112E-03 0.6966E-03 0.1444E-02 0.1701E-03 0.2017E-02 0.4630E-03 0.2096E-03 0.2385E-03 0.3211E-03 0.5549E-03 0.3986E-03 0.1207E-02 0.6571E-03 0.3359E-03 0.2548E-02 0.1176E-02 0.6519E-03
0.9224E-03 0.2001E-04 0.9947E-03 0.1114E-02 0.5092E-03 0.1582E-02 0.8171E-03 0.1732E-02 0.3197E-03 0.9242E-03 0.1624E-02 0.2551E-03 0.1435E-02 0.1619E-02 0.2529E-03 0.9423E-04 0.1871E-02 0.1164E-02 0.7459E-03 0.2027E-02 0.4564E-03 0.6598E-03
0.9111E-03 0.4948E-03 0.1309E-02 0.1510E-03 0.1066E-02 0.9437E-03 0.1322E-02 0.9556E-03 0.1137E-02 0.1342E-02 0.1494E-02 0.4790E-03 0.1092E-02 0.3313E-03 0.1022E-02 0.8234E-03 0.4512E-04 0.8599E-04 0.1091E-02 0.3292E-03 0.1046E-02 0.1714E-02
0.1020E-02 0.6135E-04 0.1481E-02 0.3659E-03 0.8292E-03 0.1888E-03 0.1068E-03 0.1684E-03 0.2608E-03 0.1690E-02 0.1559E-02 0.1268E-02 0.1181E-02 0.3800E-03 0.5075E-04 0.5266E-03 0.9154E-03 0.8365E-03 0.1215E-02 0.7640E-03 0.1068E-02 0.5150E-03
0.1292E-02 0.9703E-03 0.2195E-03 0.5961E-03 0.1301E-03 0.1117E-02 0.3010E-03 0.9808E-03 0.5975E-03 0.2876E-02 0.2256E-02 0.6929E-03 0.9505E-03 0.4695E-03 0.1257E-02 0.1319E-02 0.2537E-02 0.1309E-02 0.6467E-03 0.6782E-03 0.7713E-03 0.4469E-03
0.1844E-02 0.1651E-03 0.1344E-02 0.3717E-03 0.9862E-03 0.2052E-02 0.2595E-03 0.1018E-02 0.6718E-03 0.3823E-03 0.2596E-04 0.3118E-03 0.2088E-03 0.1900E-02 0.5578E-03 0.3464E-03 0.6297E-03 0.2288E-02 0.4785E-03 0.1152E-02 0.2845E-03 0.9073E-03
0.5165E-03 0.4020E-03 0.1100E-02 0.1798E-03 0.4982E-03 0.1206E-02 0.1707E-02 0.1055E-02 0.1429E-02 0.2968E-03 0.3816E-03 0.5439E-03 0.2091E-02 0.5294E-03 0.4439E-03 0.2135E-02 0.2033E-03 0.2254E-02 0.1988E-02 0.1237E-02 0.9404E-03 0.9399E-03
0.3549E-03 0.9999E-03 0.1276E-03 0.1608E-02 0.1081E-02 0.8298E-03 0.8119E-03 0.5824E-03 0.6819E-03 0.5828E-03 0.3606E-03 0.1152E-02 0.1379E-02 0.5914E-04 0.1476E-02 0.5109E-03 0.3093E-03 0.2610E-02 0.1278E-02 0.1824E-02 0.1793E-02 0.1739E-02
0.7968E-03 0.1113E-02 0.1172E-02 0.1588E-02 0.1568E-02 0.8714E-03 0.2351E-02 0.7152E-03 0.2995E-03 0.9588E-03 0.7996E-03 0.1676E-02 0.1046E-02 0.2365E-04 0.7621E-03 0.2949E-03 0.6437E-03 0.4992E-03 0.4394E-03 0.1537E-02 0.1356E-02 0.1490E-02
0.4009E-03 0.1881E-03 0.7525E-03 0.3972E-03 0.8322E-03 0.1327E-02 0.6926E-03 0.1306E-02 0.1251E-02 0.2703E-03 0.2743E-03 0.8682E-03 0.1200E-02 0.9107E-03 0.2501E-02 0.5041E-03 0.3396E-03 0.1079E-02 0.9537E-03 0.4374E-03 0.2049E-02 0.9032E-03
0.5231E-03 0.1426E-02 0.7990E-03 0.3230E-03 0.7181E-04 0.9019E-03 0.1131E-03 0.2954E-03 0.7719E-04 0.1950E-02 0.6547E-03 0.2236E-03 0.1521E-03 0.4902E-03 0.4596E-03 0.2958E-03 0.1085E-03 0.1768E-02 0.2055E-02 0.4770E-03 0.1461E-02 0.1318E-02
0.1133E-02 0.8773E-03 0.2405E-03 0.1124E-03 0.2436E-02 0.1986E-03 0.3953E-03 0.1837E-03 0.7470E-03 0.1553E-02 0.2427E-02 0.5640E-03 0.4748E-03 0.9516E-03 0.2576E-03 0.2482E-02 0.6228E-03 0.6253E-03 0.4160E-03 0.1776E-03 0.1261E-03 0.1988E-02
0.1100E-02 0.1215E-03 0.9396E-03 0.1215E-02 0.1816E-02 0.2360E-02 0.1299E-02 0.1680E-02 0.7306E-03 0.1329E-03 0.2312E-02 0.7118E-03 0.1347E-02 0.1020E-02 0.1050E-02 0.1648E-02 0.3884E-03 0.8520E-03 0.3353E-03 0.8118E-03 0.4799E-04 0.7247E-03
0.3132E-03 0.6014E-03 0.9294E-03 0.7214E-03 0.1064E-02 0.6167E-04 0.1234E-02 0.4292E-03 0.1924E-04 0.1623E-03 0.1391E-02 0.1102E-02 0.1950E-02 0.3015E-03 0.4320E-03 0.1711E-02 0.9308E-03 0.1292E-02 0.1006E-02 0.1878E-04 0.1508E-02 0.1293E-02
0.3657E-03 0.6261E-03 0.8547E-03 0.6464E-03 0.5907E-03 0.1294E-02 0.8026E-04 0.1178E-03 0.1236E-02 0.2339E-02 0.6873E-03 0.4927E-03 0.9693E-03 0.4048E-03 0.1156E-02 0.8574E-03 0.4458E-03 0.1737E-02 0.1445E-02 0.1216E-03 0.1010E-02 0.6629E-03
0.1217E-02 0.8625E-03 0.7472E-03 0.2081E-02 0.1437E-02 0.8348E-03 0.2048E-02 0.3767E-03 0.1628E-02 0.1240E-02 0.7628E-03 0.4368E-03 0.1491E-02 0.1092E-02 0.9722E-03 0.8713E-03 0.4701E-03 0.1734E-02 0.2732E-04 0.2650E-02 0.1122E-02 0.7078E-03
0.1700E-03 0.4815E-03 0.1285E-02 0.4213E-03 0.5273E-03 0.7202E-03 0.8657E-03 0.1221E-02 0.1277E-02 0.8841E-03 0.2058E-02 0.7888E-04 0.3898E-03 0.8762E-03 0.1024E-03 0.1098E-02 0.2255E-03 0.1577E-02 0.7410E-03 0.8502E-03 0.1063E-02 0.3039E-03
0.4508E-03 0.8806E-03 0.5065E-03 0.2627E-03 0.1421E-02 0.2058E-02 0.5230E-03 0.6591E-03 0.4760E-03 0.5362E-03 0.1872E-02 0.1859E-02 0.2050E-03 0.7557E-03 0.1224E-02 0.1962E-02 0.1735E-02 0.1479E-02 0.1315E-02 0.5699E-03 0.1338E-02 0.1294E-02
0.1387E-02 0.9571E-03 0.1160E-02 0.6425E-03 0.1086E-02 0.5718E-03 0.9334E-04 0.8151E-03 0.8771E-03 0.9937E-03 0.2950E-03 0.9127E-03 0.5973E-03 0.2433E-03 0.7031E-03 0.1361E-02 0.1107E-02 0.1509E-02 0.6633E-03 0.1309E-03 0.3986E-03 0.1535E-02
0.2340E-02 0.1168E-02 0.7016E-03 0.1194E-02 0.6969E-03 0.1224E-03 0.6752E-03 0.9962E-04 0.1139E-02 0.1537E-02 0.8176E-03 0.8213E-03 0.7398E-04 0.2373E-02 0.1260E-02 0.3706E-03 0.1012E-02 0.1927E-02 0.3717E-03 0.7182E-03 0.1627E-05 0.7052E-05
0.2237E-04 0.9642E-03 0.8026E-04 0.5914E-03 0.5797E-03 0.1560E-02 0.7682E-03 0.2691E-03 0.1257E-02 0.1771E-02 0.1166E-02 0.9646E-03 0.5085E-03 0.6452E-03 0.2287E-02 0.1276E-02 0.1194E-02 0.1545E-02 0.1949E-02 0.9118E-03 0.1059E-02 0.1110E-02
0.8098E-03 0.3167E-03 0.2112E-02 0.1813E-02 0.5787E-03 0.9993E-03 0.1009E-02 0.3767E-03 0.5964E-03 0.1991E-03 0.1115E-02 0.2235E-02 0.1212E-02 0.1237E-02 0.4938E-03 0.4405E-03 0.2850E-03 0.1046E-02 0.3980E-03 0.2078E-02 0.2505E-03 0.2213E-02
0.8932E-03 0.1915E-03 0.1414E-03 0.1667E-02 0.5221E-03 0.9590E-04 0.6885E-03 0.9116E-03 0.8038E-04 0.9960E-03 0.9815E-03 0.1302E-02 0.6235E-03 0.2035E-02 0.8527E-04 0.2033E-02 0.7575E-03 0.2063E-02 0.1148E-02 0.8138E-03 0.6933E-03 0.1026E-02
0.8519E-03 0.2452E-03 0.1266E-02 0.3427E-03 0.6108E-03 0.1799E-02 0.4290E-03 0.8747E-03 0.8875E-03 0.8087E-03 0.1452E-02 0.1377E-02 0.5665E-03 0.2148E-02 0.1670E-03 0.2004E-02 0.1666E-02 0.1423E-02 0.1060E-02 0.6777E-03 0.5844E-03 0.6621E-03
0.4436E-04 0.7585E-03 0.4594E-04 0.8868E-03 0.7390E-05 0.7052E-03 0.2378E-03 0.1247E-02 0.1528E-02 0.3972E-03 0.1969E-02 0.1779E-02 0.2306E-03 0.9582E-03 0.4443E-03 0.2262E-02 0.3386E-03 0.5089E-03 0.7075E-03 0.7129E-03 0.1633E-02 0.7061E-03
0.4314E-03 0.1052E-02 0.1472E-02 0.5859E-03 0.4383E-03 0.7190E-03 0.2521E-03 0.5196E-03 0.9844E-04 0.2280E-02 0.9166E-03 0.6834E-03 0.5402E-03 0.2288E-02 0.1067E-03 0.3772E-03 0.1965E-02 0.4012E-03 0.1823E-03 0.3590E-03 0.5709E-03 0.1913E-02
0.7391E-03 0.1566E-02 0.4369E-03 0.2432E-02 0.1293E-02 0.5891E-03 0.2924E-03 0.4059E-03 0.1153E-02 0.1208E-02 0.4080E-03 0.3650E-03 0.5377E-04 0.1686E-02 0.1356E-02 0.2609E-03 0.1439E-02 0.1858E-02 0.5891E-03 0.6382E-03 0.7264E-03 0.8818E-03
0.1307E-03 0.7148E-03 0.9296E-03 0.9407E-03 0.1051E-02 0.1236E-02 0.7378E-03 0.1137E-02 0.3467E-03 0.1085E-03 0.7200E-03 0.6522E-03 0.2162E-04 0.5227E-03 0.5327E-03 0.9929E-03 0.2259E-02 0.6813E-03 0.1333E-02 0.3872E-03 0.1393E-02 0.1481E-03
0.1056E-02 0.4815E-03 0.2637E-02 0.6065E-03 0.1060E-02 0.1204E-02 0.2495E-03 0.2500E-03 0.9101E-03 0.8898E-04 0.2388E-03 0.2911E-03 0.1595E-02 0.8403E-03 0.1403E-02 0.1236E-02 0.6131E-03 0.3240E-03 0.5505E-04 0.5939E-03 0.4783E-03 0.9776E-03
0.5810E-03 0.1072E-02 0.7829E-03 0.2865E-03 0.8596E-03 0.1032E-02 0.8594E-03 0.1040E-02 0.1295E-02 0.1110E-02 0.1848E-02 0.9952E-03 0.4396E-03 0.8514E-04 0.9378E-04 0.2871E-03 0.1847E-02 0.8806E-03 0.5437E-03 0.9303E-03 0.7916E-03 0.7226E-03
0.5360E-03 0.9167E-03 0.3520E-03 0.1522E-02 0.2274E-03 0.4826E-03 0.2348E-03 0.8401E-03 0.1172E-02 0.2701E-04 0.1786E-03 0.9707E-03 0.1112E-02 0.7832E-03 0.4724E-03 0.5604E-03 0.1038E-02 0.1858E-03 0.2884E-04 0.4705E-03 0.5590E-03 0.7339E-03
0.3083E-03 0.2141E-02 0.9898E-03 0.2111E-02 0.4556E-03 0.8573E-03 0.6600E-03 0.1028E-02 0.1634E-02 0.1501E-03 0.6427E-03 0.2307E-03 0.1986E-03 0.1531E-02 0.1147E-03 0.5682E-03 0.1054E-02 0.8860E-03 0.1573E-02 0.1133E-02 0.5286E-03 0.4653E-04
0.1062E-02 0.5984E-03 0.6207E-03 0.4000E-04 0.3200E-03 0.1471E-02 0.2696E-02 0.2279E-03 0.1035E-02 0.1585E-02 0.5232E-03 0.1267E-04 0.2748E-02 0.5584E-03 0.9586E-03 0.1058E-02 0.8453E-04 0.2026E-02 0.1972E-03 0.1417E-02 0.1569E-02 0.5020E-03
0.9852E-03 0.1090E-02 0.1687E-02 0.3280E-03 0.9174E-03 0.9604E-04 0.2065E-02 0.7161E-03 0.1211E-02 0.8209E-03 0.1300E-03 0.7524E-03 0.9816E-03 0.1016E-02 0.1304E-04 0.1534E-02 0.8534E-03 0.1629E-02 0.2103E-02 0.1596E-02 0.1156E-02 0.3583E-02
0.8006E-03 0.2102E-02 0.6969E-03 0.7430E-03 0.1646E-03 0.1533E-02 0.1510E-02 0.1645E-02 0.1502E-02 0.7054E-03 0.5873E-03 0.6465E-03 0.2768E-02 0.3256E-03 0.4767E-03 0.1455E-02 0.6053E-03 0.1071E-02 0.1121E-02 0.8901E-03 0.1268E-03 0.2150E-03
0.1745E-03 0.2882E-02 0.3652E-03 0.1423E-02 0.1424E-03 0.1171E-03 0.9562E-04 0.3243E-03 0.1281E-02 0.2090E-02 0.1250E-02 0.2443E-02 0.2559E-03 0.3082E-03 0.9810E-03 0.4149E-03 0.9958E-04 0.7594E-03 0.8630E-03 0.7100E-03 0.1274E-02 0.3413E-03
0.2348E-03 0.1693E-02 0.6883E-04 0.6665E-03 0.8067E-03 0.8540E-03 0.1405E-02 0.8080E-03 0.5064E-04 0.2883E-03 0.4705E-03 0.1967E-02 0.1924E-03 0.4301E-03 0.8494E-03 0.1753E-02 0.4619E-03 0.3217E-03 0.1559E-03 0.1386E-02 0.1295E-02 0.8160E-03
0.1740E-03 0.4863E-03 0.6223E-03 0.4694E-03 0.9780E-04 0.9774E-03 0.3083E-03 0.9028E-03 0.6874E-03 0.2566E-04 0.1022E-02 0.1485E-02 0.1193E-04 0.1185E-03 0.9024E-03 0.1652E-02 0.1015E-03 0.1137E-02 0.1094E-02 0.9472E-03 0.1944E-02 0.2215E-02
0.5050E-04 0.1568E-02 0.3480E-04 0.2056E-03 0.1438E-02 0.6671E-03 0.7221E-03 0.1032E-02 0.3027E-03 0.1486E-02 0.3401E-03 0.1133E-03 0.1628E-02 0.1357E-02 0.1365E-02 0.1048E-02 0.1512E-02 0.1642E-02 0.3749E-03 0.5754E-03 0.1317E-02 0.2085E-03
0.1132E-02 0.4248E-03 0.8890E-03 0.3817E-03 0.1673E-03 0.6459E-03 0.3577E-03 0.7155E-03 0.1172E-02 0.7043E-03 0.2369E-02 0.5896E-03 0.8217E-03 0.4315E-04 0.9733E-03 0.7246E-03 0.2426E-03 0.1836E-02 0.3095E-03 0.2320E-02 0.6444E-03 0.2081E-02
0.3191E-03 0.1212E-02 0.1147E-02 0.1380E-02 0.8900E-03 0.6568E-03 0.1690E-04 0.8062E-03 0.4362E-03 0.2135E-03 0.1283E-02 0.1518E-03 0.7391E-03 0.1101E-02 0.9755E-03 0.1199E-02 0.3787E-03 0.6495E-03 0.5936E-03 0.1887E-02 0.1085E-02 0.1775E-02
0.3130E-03 0.2336E-03 0.9841E-03 0.1877E-02 0.3641E-03 0.7921E-03 0.6627E-03 0.4850E-03 0.1904E-02 0.2511E-03 0.1395E-02 0.9841E-03 0.5062E-03 0.5763E-03 0.1351E-02 0.6275E-03 0.8449E-03 0.1109E-02 0.3677E-03 0.6459E-03 0.1405E-02 0.5544E-03
0.5325E-03 0.2135E-03 0.8354E-03 0.7025E-03 0.4886E-03 0.8696E-03 0.4917E-03 0.9115E-03 0.1972E-03 0.1082E-02 0.9481E-04 0.9131E-03 0.5965E-03 0.1422E-02 0.5496E-04 0.1695E-03 0.4068E-03 0.2038E-03 0.1694E-02 0.1398E-02 0.2833E-04 0.1766E-03
0.1917E-03 0.9680E-03 0.8958E-03 0.4885E-03 0.1544E-02 0.3705E-03 0.6287E-03 0.2284E-02 0.2160E-02 0.3413E-03 0.8263E-04 0.1014E-02 0.4198E-03 0.1564E-02 0.2028E-02 0.2687E-02 0.3523E-03 0.7030E-03 0.8007E-03 0.1428E-02 0.7470E-03 0.2173E-02
0.1265E-02 0.5365E-03 0.1465E-03 0.1025E-02 0.9652E-03 0.2766E-03 0.6737E-03 0.5513E-03 0.1279E-03 0.1998E-03 0.2797E-03 0.4267E-03 0.4491E-03 0.1970E-03 0.2361E-02 0.1227E-02 0.1047E-02 0.1548E-02 0.2843E-03 0.6654E-03 0.2965E-04 0.1390E-02
0.7391E-03 0.5907E-03 0.1921E-03 0.6084E-03 0.3869E-03 0.8707E-03 0.1994E-03 0.1100E-02 0.2196E-02 0.5015E-03 0.4335E-03 0.1607E-02 0.1889E-02 0.6815E-03 0.8422E-03 0.9349E-03 0.1208E-02 0.4191E-03 0.9274E-03 0.8070E-03 0.7579E-03 0.1918E-02
0.1151E-02 0.5320E-03 0.2054E-02 0.1600E-02 0.2853E-03 0.9491E-04 0.1025E-02 0.1115E-02 0.1202E-02 0.3553E-03 0.8439E-03 0.1068E-03 0.1311E-02 0.5529E-03 0.9452E-03 0.9285E-03 0.1686E-02 0.6153E-03 0.1804E-02 0.9364E-03 0.1572E-03 0.6724E-03
0.2609E-03 0.1698E-02 0.2775E-04 0.9997E-04 0.6477E-04 0.3566E-03 0.1792E-03 0.6872E-03 0.8548E-03 0.8229E-03 0.1433E-02 0.5815E-03 0.1390E-02 0.4859E-04 0.1768E-02 0.1037E-02 0.4021E-03 0.6556E-03 0.8472E-03 0.1284E-02 0.1592E-02 0.2419E-02
0.1291E-02 0.3273E-04 0.1499E-02 0.5291E-03 0.1211E-02 0.1111E-02 0.3175E-03 0.9553E-03 0.1280E-02 0.9780E-04 0.1348E-02 0.7954E-04 0.2011E-02 0.1146E-03 0.1535E-02 0.8378E-03 0.5418E-03 0.1296E-02 0.4815E-03 0.4782E-03 0.6226E-03 0.2662E-04
0.1228E-02 0.3725E-04 0.1909E-02 0.1154E-03 0.5015E-04 0.2068E-03 0.1999E-02 0.9305E-03 0.8716E-03 0.3512E-04 0.1064E-02 0.1476E-02 0.7827E-03 0.8848E-03 0.1905E-03 0.3607E-04 0.2872E-03 0.8358E-03 0.1592E-03 0.1034E-02 0.7346E-03 0.1284E-02
0.1172E-02 0.1048E-03 0.1523E-02 0.5369E-03 0.8522E-03 0.1154E-02 0.4173E-03 0.6094E-03 0.1208E-02 0.2251E-02 0.6703E-03 0.4335E-03 0.2070E-02 0.2168E-03 0.2103E-03 0.9518E-03 0.7520E-03 0.8467E-03 0.5134E-03 0.8824E-03 0.8308E-04 0.5335E-03
0.2675E-02 0.4388E-03 0.1024E-02 0.3589E-03 0.4331E-03 0.3816E-03 0.8570E-03 0.3780E-04 0.3030E-03 0.4246E-04 0.1530E-02 0.2237E-02 0.6169E-03 0.9071E-03 0.3214E-03 0.9425E-03 0.1838E-03 0.2097E-02 0.8867E-03 0.2439E-03 0.1647E-02 0.2466E-02
0.5221E-04 0.1754E-02 0.1186E-03 0.2788E-02 0.1312E-02 0.2065E-02 0.9988E-03 0.5760E-03 0.4531E-03 0.6913E-03 0.4178E-03 0.2583E-02 0.6088E-03 0.1304E-02 0.1232E-03 0.1104E-02 0.1575E-02 0.1187E-02 0.3554E-03 0.1628E-02 0.6048E-03 0.3442E-03
0.2383E-03 0.5005E-04 0.9464E-03 0.7863E-04 0.1544E-02 0.1454E-02 0.2996E-03 0.4841E-03 0.1959E-02 0.4640E-03 0.7342E-03 0.6188E-03 0.1214E-02 0.1509E-02 0.1131E-02 0.1303E-02 0.1576E-03 0.8647E-03 0.1214E-03 0.9358E-03 0.1783E-02 0.1856E-02
0.1164E-02 0.6939E-03 0.1293E-02 0.1970E-02 0.1502E-02 0.6088E-03 0.1247E-02 0.5239E-03 0.3703E-03 0.8897E-03 0.1682E-02 0.9615E-03 0.9782E-03 0.7368E-03 0.1497E-03 0.9787E-04 0.2054E-02 0.3687E-04 0.2117E-03 0.1602E-02 0.1129E-03 0.1508E-03
0.2607E-03 0.7447E-03 0.1173E-02 0.2016E-02 0.3967E-04 0.1085E-02 0.8608E-03 0.4198E-03 0.1989E-03 0.1381E-02 0.4241E-03 0.7425E-03 0.1100E-02 0.5814E-03 0.8139E-04 0.1000E-02 0.5055E-03 0.1648E-02 0.1250E-02 0.2237E-02 0.1424E-02 0.8031E-03
