Output/ksat_004.asc
ncols     22
nrows     62
xllcorner      0.00000000
yllcorner      0.00000000
cellsize      0.50000000
nodata_value -9999
0.3113E-02 0.6100E-02 0.5045E-02 0.3874E-02 0.6254E-02 0.4414E-02 0.3679E-02 0.3085E-02 0.4847E-02 0.4120E-02 0.4287E-02 0.5641E-02 0.5857E-02 0.4241E-02 0.4017E-02 0.3619E-02 0.4942E-02 0.5735E-02 0.5009E-02 0.4564E-02 0.6447E-02 0.5711E-02
0.6286E-02 0.4036E-02 0.3577E-02 0.4854E-02 0.5022E-02 0.6200E-02 0.5346E-02 0.4499E-02 0.5131E-02 0.5029E-02 0.4687E-02 0.4342E-02 0.6284E-02 0.5514E-02 0.4676E-02 0.5046E-02 0.5411E-02 0.4821E-02 0.4646E-02 0.5765E-02 0.6417E-02 0.5069E-02
0.4983E-02 0.5163E-02 0.4837E-02 0.5948E-02 0.5392E-02 0.5678E-02 0.4827E-02 0.5073E-02 0.4852E-02 0.3300E-02 0.5985E-02 0.5631E-02 0.2555E-02 0.5093E-02 0.3896E-02 0.5251E-02 0.3691E-02 0.5807E-02 0.5611E-02 0.4614E-02 0.3905E-02 0.4793E-02
0.4265E-02 0.4540E-02 0.6591E-02 0.4043E-02 0.5470E-02 0.4604E-02 0.3942E-02 0.4995E-02 0.6585E-02 0.5334E-02 0.4822E-02 0.3859E-02 0.5589E-02 0.4517E-02 0.5573E-02 0.7402E-02 0.5594E-02 0.4091E-02 0.5783E-02 0.2710E-02 0.5864E-02 0.5016E-02
0.6681E-02 0.5168E-02 0.4185E-02 0.4475E-02 0.3930E-02 0.5611E-02 0.4245E-02 0.5444E-02 0.2373E-02 0.4422E-02 0.4161E-02 0.6857E-02 0.4727E-02 0.5511E-02 0.5517E-02 0.5259E-02 0.3164E-02 0.4324E-02 0.4220E-02 0.4504E-02 0.6447E-02 0.4995E-02
0.5124E-02 0.4865E-02 0.4414E-02 0.5042E-02 0.3818E-02 0.5706E-02 0.5688E-02 0.4732E-02 0.6124E-02 0.6626E-02 0.5271E-02 0.4218E-02 0.5127E-02 0.5274E-02 0.4035E-02 0.3649E-02 0.5959E-02 0.6506E-02 0.4799E-02 0.6290E-02 0.4687E-02 0.4670E-02
0.6140E-02 0.6221E-02 0.6656E-02 0.3577E-02 0.6139E-02 0.6530E-02 0.6256E-02 0.6558E-02 0.3674E-02 0.5382E-02 0.6014E-02 0.6036E-02 0.3772E-02 0.5282E-02 0.5071E-02 0.5321E-02 0.6016E-02 0.5183E-02 0.3874E-02 0.4514E-02 0.5136E-02 0.5415E-02
0.3990E-02 0.5010E-02 0.5220E-02 0.5305E-02 0.5036E-02 0.4026E-02 0.6588E-02 0.4499E-02 0.3296E-02 0.6077E-02 0.4669E-02 0.4635E-02 0.4386E-02 0.5693E-02 0.4614E-02 0.6532E-02 0.4738E-02 0.5157E-02 0.4594E-02 0.3688E-02 0.5441E-02 0.3865E-02
0.4146E-02 0.5207E-02 0.4333E-02 0.5001E-02 0.4830E-02 0.4225E-02 0.6394E-02 0.5897E-02 0.7029E-02 0.4836E-02 0.5167E-02 0.4773E-02 0.4225E-02 0.5307E-02 0.4190E-02 0.4872E-02 0.5582E-02 0.4347E-02 0.4935E-02 0.3761E-02 0.6111E-02 0.4358E-02
0.5136E-02 0.5620E-02 0.4873E-02 0.5274E-02 0.5359E-02 0.6095E-02 0.5859E-02 0.4290E-02 0.4569E-02 0.5278E-02 0.5157E-02 0.5636E-02 0.5725E-02 0.4370E-02 0.5762E-02 0.5579E-02 0.5091E-02 0.4386E-02 0.7759E-02 0.2458E-02 0.6274E-02 0.3477E-02
0.4375E-02 0.3902E-02 0.4485E-02 0.6174E-02 0.5661E-02 0.5447E-02 0.6194E-02 0.4920E-02 0.6767E-02 0.5213E-02 0.4357E-02 0.4424E-02 0.4960E-02 0.4989E-02 0.5071E-02 0.5305E-02 0.4281E-02 0.5149E-02 0.3317E-02 0.5957E-02 0.4650E-02 0.3673E-02
0.5407E-02 0.4562E-02 0.4748E-02 0.4441E-02 0.5086E-02 0.7298E-02 0.5926E-02 0.5402E-02 0.5672E-02 0.4770E-02 0.3594E-02 0.5745E-02 0.3966E-02 0.4459E-02 0.4237E-02 0.5864E-02 0.5259E-02 0.6332E-02 0.5567E-02 0.6482E-02 0.5070E-02 0.5674E-02
0.6374E-02 0.5005E-02 0.4008E-02 0.2175E-02 0.4499E-02 0.4645E-02 0.6185E-02 0.6369E-02 0.5003E-02 0.4844E-02 0.4463E-02 0.3587E-02 0.6621E-02 0.5914E-02 0.5496E-02 0.2654E-02 0.6777E-02 0.4269E-02 0.2768E-02 0.5206E-02 0.5410E-02 0.5661E-02
0.5245E-02 0.6059E-02 0.4901E-02 0.5816E-02 0.4521E-02 0.3427E-02 0.3505E-02 0.5694E-02 0.3653E-02 0.6072E-02 0.3989E-02 0.3876E-02 0.5706E-02 0.5887E-02 0.4531E-02 0.3671E-02 0.3504E-02 0.3309E-02 0.6092E-02 0.6244E-02 0.3499E-02 0.5229E-02
0.4212E-02 0.5842E-02 0.4702E-02 0.4444E-02 0.5081E-02 0.3973E-02 0.5772E-02 0.5573E-02 0.4795E-02 0.3485E-02 0.4560E-02 0.4204E-02 0.3863E-02 0.4836E-02 0.5841E-02 0.5079E-02 0.4726E-02 0.4453E-02 0.3877E-02 0.5796E-02 0.6464E-02 0.4722E-02
0.4629E-02 0.5770E-02 0.3901E-02 0.4672E-02 0.4811E-02 0.6231E-02 0.5116E-02 0.4464E-02 0.5579E-02 0.4939E-02 0.4857E-02 0.4918E-02 0.5011E-02 0.3999E-02 0.6440E-02 0.6309E-02 0.6018E-02 0.4632E-02 0.5931E-02 0.5130E-02 0.4801E-02 0.4637E-02
0.4216E-02 0.5277E-02 0.5665E-02 0.3516E-02 0.4723E-02 0.4002E-02 0.4631E-02 0.3960E-02 0.5587E-02 0.5965E-02 0.5514E-02 0.5818E-02 0.5265E-02 0.3740E-02 0.1994E-02 0.6042E-02 0.5720E-02 0.4499E-02 0.4970E-02 0.3539E-02 0.3637E-02 0.5346E-02
0.4095E-02 0.4880E-02 0.5867E-02 0.5051E-02 0.5731E-02 0.5347E-02 0.7626E-02 0.7006E-02 0.5443E-02 0.5701E-02 0.5220E-02 0.6007E-02 0.3713E-02 0.6069E-02 0.4574E-02 0.7287E-02 0.4678E-02 0.6059E-02 0.4546E-02 0.5397E-02 0.2610E-02 0.4721E-02
0.5428E-02 0.3980E-02 0.5521E-02 0.5197E-02 0.6594E-02 0.4915E-02 0.3603E-02 0.4257E-02 0.4388E-02 0.6094E-02 0.5122E-02 0.4258E-02 0.5736E-02 0.6802E-02 0.4649E-02 0.5010E-02 0.5768E-02 0.5422E-02 0.4599E-02 0.2590E-02 0.2969E-02 0.5132E-02
0.3535E-02 0.3824E-02 0.1450E-02 0.4552E-02 0.4776E-02 0.5062E-02 0.4959E-02 0.4407E-02 0.6650E-02 0.5308E-02 0.4575E-02 0.3803E-02 0.5096E-02 0.3557E-02 0.5380E-02 0.7038E-02 0.3372E-02 0.5228E-02 0.4383E-02 0.3704E-02 0.5902E-02 0.5034E-02
0.4217E-02 0.3111E-02 0.3938E-02 0.4235E-02 0.5657E-02 0.3505E-02 0.5266E-02 0.5152E-02 0.3681E-02 0.4545E-02 0.5850E-02 0.4930E-02 0.5248E-02 0.5956E-02 0.6457E-02 0.5805E-02 0.6179E-02 0.4481E-02 0.3705E-02 0.5047E-02 0.3969E-02 0.4572E-02
0.5132E-02 0.3909E-02 0.5294E-02 0.6841E-02 0.5279E-02 0.4332E-02 0.5194E-02 0.6885E-02 0.4953E-02 0.3740E-02 0.7004E-02 0.6738E-02 0.5987E-02 0.3359E-02 0.5690E-02 0.5690E-02 0.5105E-02 0.2535E-02 0.5750E-02 0.4878E-02 0.6358E-02 0.4551E-02
0.4166E-02 0.5831E-02 0.4361E-02 0.4089E-02 0.4147E-02 0.3777E-02 0.5580E-02 0.5562E-02 0.5332E-02 0.2605E-02 0.3876E-02 0.5432E-02 0.3381E-02 0.5333E-02 0.5111E-02 0.5902E-02 0.6129E-02 0.4809E-02 0.6226E-02 0.4084E-02 0.5261E-02 0.5059E-02
0.7360E-02 0.6028E-02 0.4170E-02 0.6574E-02 0.4522E-02 0.3957E-02 0.6543E-02 0.2621E-02 0.6489E-02 0.4107E-02 0.5547E-02 0.5863E-02 0.4118E-02 0.5922E-02 0.6338E-02 0.6318E-02 0.2858E-02 0.5621E-02 0.3804E-02 0.4373E-02 0.7101E-02 0.4697E-02
0.4134E-02 0.5465E-02 0.2696E-02 0.5049E-02 0.5709E-02 0.5550E-02 0.4723E-02 0.4152E-02 0.6426E-02 0.5796E-02 0.3645E-02 0.4774E-02 0.5512E-02 0.3489E-02 0.4176E-02 0.5045E-02 0.3476E-02 0.5394E-02 0.4519E-02 0.5249E-02 0.3447E-02 0.4194E-02
0.5189E-02 0.4687E-02 0.3907E-02 0.6287E-02 0.3768E-02 0.4688E-02 0.6106E-02 0.6240E-02 0.4703E-02 0.5151E-02 0.4938E-02 0.4734E-02 0.5503E-02 0.5147E-02 0.5582E-02 0.6077E-02 0.5443E-02 0.6056E-02 0.6001E-02 0.5020E-02 0.5024E-02 0.5618E-02
0.4332E-02 0.5950E-02 0.5661E-02 0.7251E-02 0.5254E-02 0.4133E-02 0.5090E-02 0.5829E-02 0.5704E-02 0.5187E-02 0.6799E-02 0.4284E-02 0.4644E-02 0.5653E-02 0.4249E-02 0.5273E-02 0.3860E-02 0.6176E-02 0.5549E-02 0.3383E-02 0.4624E-02 0.5073E-02
0.4822E-02 0.5652E-02 0.4414E-02 0.4863E-02 0.3654E-02 0.5045E-02 0.4827E-02 0.6700E-02 0.4131E-02 0.5405E-02 0.4974E-02 0.4376E-02 0.4902E-02 0.5240E-02 0.5210E-02 0.5046E-02 0.4187E-02 0.4858E-02 0.6518E-02 0.3193E-02 0.6805E-02 0.4353E-02
0.5227E-02 0.6211E-02 0.4160E-02 0.4455E-02 0.4215E-02 0.2598E-02 0.6068E-02 0.5883E-02 0.5627E-02 0.4991E-02 0.4485E-02 0.4862E-02 0.3542E-02 0.7186E-02 0.4949E-02 0.4363E-02 0.4386E-02 0.3867E-02 0.5145E-02 0.4934E-02 0.5497E-02 0.6303E-02
0.7177E-02 0.5314E-02 0.5225E-02 0.5702E-02 0.5008E-02 0.4618E-02 0.7232E-02 0.5373E-02 0.4530E-02 0.4703E-02 0.5375E-02 0.5166E-02 0.3072E-02 0.4928E-02 0.3111E-02 0.4716E-02 0.3954E-02 0.4876E-02 0.4078E-02 0.4315E-02 0.3571E-02 0.4714E-02
0.4051E-02 0.6738E-02 0.5850E-02 0.4871E-02 0.4528E-02 0.4080E-02 0.4673E-02 0.4024E-02 0.5690E-02 0.5965E-02 0.6566E-02 0.7110E-02 0.6049E-02 0.4433E-02 0.6430E-02 0.5481E-02 0.4370E-02 0.3887E-02 0.3985E-02 0.4587E-02 0.4311E-02 0.4422E-02
0.4653E-02 0.4883E-02 0.7062E-02 0.5462E-02 0.4627E-02 0.3887E-02 0.6097E-02 0.5770E-02 0.5800E-02 0.6398E-02 0.4450E-02 0.4339E-02 0.3329E-02 0.5138E-02 0.5602E-02 0.5085E-02 0.4401E-02 0.5562E-02 0.4798E-02 0.4330E-02 0.5475E-02 0.4351E-02
0.5063E-02 0.5351E-02 0.5679E-02 0.5471E-02 0.5814E-02 0.4554E-02 0.4812E-02 0.5984E-02 0.5179E-02 0.3714E-02 0.3827E-02 0.4744E-02 0.3810E-02 0.4769E-02 0.2954E-02 0.4912E-02 0.6141E-02 0.4166E-02 0.3767E-02 0.3971E-02 0.5852E-02 0.4637E-02
0.6700E-02 0.5051E-02 0.5182E-02 0.6461E-02 0.4247E-02 0.5681E-02 0.6042E-02 0.5756E-02 0.4769E-02 0.6258E-02 0.4015E-02 0.4311E-02 0.3198E-02 0.6043E-02 0.5116E-02 0.5376E-02 0.4591E-02 0.5605E-02 0.5396E-02 0.4513E-02 0.4436E-02 0.5341E-02
0.4518E-02 0.3950E-02 0.4511E-02 0.3412E-02 0.6044E-02 0.4830E-02 0.4868E-02 0.3877E-02 0.4622E-02 0.5986E-02 0.7089E-02 0.3843E-02 0.4225E-02 0.2759E-02 0.5437E-02 0.3743E-02 0.4530E-02 0.5243E-02 0.4228E-02 0.5719E-02 0.3981E-02 0.4501E-02
0.5155E-02 0.3778E-02 0.5906E-02 0.3967E-02 0.5607E-02 0.3518E-02 0.5196E-02 0.4543E-02 0.6487E-02 0.6195E-02 0.4872E-02 0.5760E-02 0.5413E-02 0.4705E-02 0.5967E-02 0.5612E-02 0.4095E-02 0.5497E-02 0.6831E-02 0.4273E-02 0.2858E-02 0.4701E-02
0.6187E-02 0.5585E-02 0.4578E-02 0.4176E-02 0.4452E-02 0.6798E-02 0.4717E-02 0.3896E-02 0.5127E-02 0.3964E-02 0.3179E-02 0.4244E-02 0.6378E-02 0.3676E-02 0.3910E-02 0.5990E-02 0.5513E-02 0.5187E-02 0.6241E-02 0.3846E-02 0.4532E-02 0.5842E-02
0.5722E-02 0.5621E-02 0.4541E-02 0.5220E-02 0.3734E-02 0.6484E-02 0.4777E-02 0.4164E-02 0.7400E-02 0.3923E-02 0.4497E-02 0.3910E-02 0.4208E-02 0.5872E-02 0.5458E-02 0.4920E-02 0.4276E-02 0.5232E-02 0.4151E-02 0.6035E-02 0.3315E-02 0.5171E-02
0.5277E-02 0.4661E-02 0.5470E-02 0.5616E-02 0.5971E-02 0.6027E-02 0.5634E-02 0.6808E-02 0.4829E-02 0.5140E-02 0.5626E-02 0.4852E-02 0.4731E-02 0.3640E-02 0.5848E-02 0.4976E-02 0.4568E-02 0.6327E-02 0.5491E-02 0.3244E-02 0.5600E-02 0.5813E-02
0.3950E-02 0.5054E-02 0.3580E-02 0.5201E-02 0.3671E-02 0.5631E-02 0.5257E-02 0.4102E-02 0.3520E-02 0.5013E-02 0.4687E-02 0.6171E-02 0.4222E-02 0.6808E-02 0.5273E-02 0.4142E-02 0.5409E-02 0.5226E-02 0.5286E-02 0.4505E-02 0.3821E-02 0.4296E-02
0.4640E-02 0.4570E-02 0.6622E-02 0.6609E-02 0.4955E-02 0.5506E-02 0.4743E-02 0.5974E-02 0.3236E-02 0.6712E-02 0.6485E-02 0.6229E-02 0.3838E-02 0.6065E-02 0.5320E-02 0.3896E-02 0.6088E-02 0.6044E-02 0.6137E-02 0.4382E-02 0.5707E-02 0.5910E-02
0.3244E-02 0.5392E-02 0.4233E-02 0.4013E-02 0.3420E-02 0.5836E-02 0.5322E-02 0.4490E-02 0.4193E-02 0.4492E-02 0.4843E-02 0.5565E-02 0.4418E-02 0.5627E-02 0.5744E-02 0.5045E-02 0.5663E-02 0.5347E-02 0.4993E-02 0.4369E-02 0.4326E-02 0.5453E-02
0.6111E-02 0.5857E-02 0.6259E-02 0.5413E-02 0.4881E-02 0.5149E-02 0.3727E-02 0.6285E-02 0.7090E-02 0.4082E-02 0.5918E-02 0.3947E-02 0.5452E-02 0.4218E-02 0.4363E-02 0.5944E-02 0.5447E-02 0.4205E-02 0.4872E-02 0.3966E-02 0.3201E-02 0.5425E-02
0.4565E-02 0.4207E-02 0.4850E-02 0.5889E-02 0.6287E-02 0.4597E-02 0.5568E-02 0.4036E-02 0.5571E-02 0.4824E-02 0.3782E-02 0.7123E-02 0.6010E-02 0.5121E-02 0.3949E-02 0.4577E-02 0.4450E-02 0.5762E-02 0.4659E-02 0.4647E-02 0.6677E-02 0.5122E-02
0.3812E-02 0.5468E-02 0.4752E-02 0.4757E-02 0.4010E-02 0.4772E-02 0.4374E-02 0.3833E-02 0.5714E-02 0.4616E-02 0.4830E-02 0.5341E-02 0.4069E-02 0.3143E-02 0.3576E-02 0.2800E-02 0.4709E-02 0.4522E-02 0.5330E-02 0.4459E-02 0.6310E-02 0.5518E-02
0.5019E-02 0.6007E-02 0.4549E-02 0.4211E-02 0.6521E-02 0.3854E-02 0.5916E-02 0.4481E-02 0.5715E-02 0.4231E-02 0.1789E-02 0.5259E-02 0.5395E-02 0.4341E-02 0.3754E-02 0.3694E-02 0.4627E-02 0.7037E-02 0.4241E-02 0.6026E-02 0.5944E-02 0.3485E-02
0.6295E-02 0.4553E-02 0.6699E-02 0.4593E-02 0.5662E-02 0.4170E-02 0.5809E-02 0.4378E-02 0.5860E-02 0.5560E-02 0.3983E-02 0.3749E-02 0.5067E-02 0.6862E-02 0.6563E-02 0.5329E-02 0.4345E-02 0.4025E-02 0.5749E-02 0.5759E-02 0.5127E-02 0.4750E-02
0.5346E-02 0.3326E-02 0.3400E-02 0.4949E-02 0.5865E-02 0.4397E-02 0.2554E-02 0.6985E-02 0.4521E-02 0.3821E-02 0.5962E-02 0.5987E-02 0.5244E-02 0.5190E-02 0.5035E-02 0.5796E-02 0.3717E-02 0.5148E-02 0.6828E-02 0.5000E-02 0.6963E-02 0.5643E-02
0.2595E-02 0.3659E-02 0.4941E-02 0.4891E-02 0.6417E-02 0.4709E-02 0.3134E-02 0.5272E-02 0.4081E-02 0.4846E-02 0.4588E-02 0.4262E-02 0.4633E-02 0.5439E-02 0.5662E-02 0.4830E-02 0.5746E-02 0.5732E-02 0.4315E-02 0.6052E-02 0.5374E-02 0.3019E-02
0.4698E-02 0.3460E-02 0.6785E-02 0.4350E-02 0.4835E-02 0.6783E-02 0.4256E-02 0.5508E-02 0.6813E-02 0.5898E-02 0.5564E-02 0.5443E-02 0.5776E-02 0.4631E-02 0.5602E-02 0.4995E-02 0.6016E-02 0.3181E-02 0.3518E-02 0.3667E-02 0.5093E-02 0.3953E-02
0.5361E-02 0.6549E-02 0.3419E-02 0.5179E-02 0.4570E-02 0.5625E-02 0.5638E-02 0.5559E-02 0.6202E-02 0.4214E-02 0.4368E-02 0.6127E-02 0.5316E-02 0.6898E-02 0.4917E-02 0.6754E-02 0.4368E-02 0.4074E-02 0.6416E-02 0.3517E-02 0.6173E-02 0.4300E-02
0.4130E-02 0.5810E-02 0.4530E-02 0.5428E-02 0.5334E-02 0.3735E-02 0.5412E-02 0.4602E-02 0.4576E-02 0.4794E-02 0.5508E-02 0.4717E-02 0.3986E-02 0.3971E-02 0.4796E-02 0.3386E-02 0.5637E-02 0.4757E-02 0.4673E-02 0.5455E-02 0.4988E-02 0.5997E-02
0.6278E-02 0.5147E-02 0.4655E-02 0.6719E-02 0.3699E-02 0.6529E-02 0.4981E-02 0.3479E-02 0.5708E-02 0.3741E-02 0.5194E-02 0.7012E-02 0.5089E-02 0.5259E-02 0.5458E-02 0.5463E-02 0.3640E-02 0.6383E-02 0.5456E-02 0.5181E-02 0.5802E-02 0.6222E-02
0.5336E-02 0.5188E-02 0.5469E-02 0.2200E-02 0.5002E-02 0.4355E-02 0.5270E-02 0.4508E-02 0.4848E-02 0.7030E-02 0.5667E-02 0.2999E-02 0.5433E-02 0.2410E-02 0.5290E-02 0.7038E-02 0.4857E-02 0.4320E-02 0.5127E-02 0.6715E-02 0.5151E-02 0.4932E-02
0.5109E-02 0.5321E-02 0.6663E-02 0.5489E-02 0.6316E-02 0.5187E-02 0.7182E-02 0.6043E-02 0.3620E-02 0.3866E-02 0.5339E-02 0.4587E-02 0.5042E-02 0.5156E-02 0.4080E-02 0.5903E-02 0.4437E-02 0.4184E-02 0.5958E-02 0.5158E-02 0.4341E-02 0.4606E-02
0.4286E-02 0.3379E-02 0.2915E-02 0.4170E-02 0.3774E-02 0.3431E-02 0.5115E-02 0.4804E-02 0.3528E-02 0.6436E-02 0.6106E-02 0.5011E-02 0.4620E-02 0.6189E-02 0.6608E-02 0.5339E-02 0.4322E-02 0.3747E-02 0.5388E-02 0.5476E-02 0.5632E-02 0.4881E-02
0.4515E-02 0.5465E-02 0.3933E-02 0.5680E-02 0.5691E-02 0.3425E-02 0.4548E-02 0.5801E-02 0.5986E-02 0.4400E-02 0.5488E-02 0.5887E-02 0.4065E-02 0.5097E-02 0.4858E-02 0.2766E-02 0.5470E-02 0.4276E-02 0.3818E-02 0.5402E-02 0.4454E-02 0.4396E-02
0.4566E-02 0.4772E-02 0.4629E-02 0.5273E-02 0.3418E-02 0.5283E-02 0.5743E-02 0.7009E-02 0.5431E-02 0.4318E-02 0.3326E-02 0.6083E-02 0.4344E-02 0.5137E-02 0.6143E-02 0.4898E-02 0.4716E-02 0.5806E-02 0.2188E-02 0.2087E-02 0.4307E-02 0.5231E-02
0.3769E-02 0.4222E-02 0.7387E-02 0.3889E-02 0.3239E-02 0.5357E-02 0.5810E-02 0.5954E-02 0.5000E-02 0.5000E-02 0.5660E-02 0.4839E-02 0.4989E-02 0.5041E-02 0.4114E-02 0.4682E-02 0.4025E-02 0.6345E-02 0.5590E-02 0.4267E-02 0.4324E-02 0.6153E-02
0.5986E-02 0.5363E-02 0.3980E-02 0.4719E-02 0.4290E-02 0.3851E-02 0.3489E-02 0.5074E-02 0.4805E-02 0.5344E-02 0.5228E-02 0.5728E-02 0.5331E-02 0.4522E-02 0.4453E-02 0.5822E-02 0.5533E-02 0.3729E-02 0.4014E-02 0.5036E-02 0.3923E-02 0.4101E-02
0.4530E-02 0.4023E-02 0.4129E-02 0.5610E-02 0.3195E-02 0.3932E-02 0.3936E-02 0.5782E-02 0.5609E-02 0.5790E-02 0.4071E-02 0.6045E-02 0.3621E-02 0.4414E-02 0.5860E-02 0.6598E-02 0.5745E-02 0.5190E-02 0.4835E-02 0.4844E-02 0.5037E-02 0.6597E-02
0.5631E-02 0.5294E-02 0.5680E-02 0.5542E-02 0.5473E-02 0.5286E-02 0.5667E-02 0.5102E-02 0.6272E-02 0.4977E-02 0.5233E-02 0.4985E-02 0.5590E-02 0.5922E-02 0.3179E-02 0.3952E-02 0.4777E-02 0.4929E-02 0.5721E-02 0.5862E-02 0.5533E-02 0.5222E-02
