Output/pave.asc
ncols     22
nrows     62
xllcorner      0.00000000
yllcorner      0.00000000
cellsize      0.50000000
nodata_value -9999
0.2790E-02 0.2790E-02 0.2440E-02 0.0000E+00 0.3000E-04 0.1000E-02 0.0000E+00 0.0000E+00 0.1760E-02 0.5200E-03 0.9000E-04 0.4200E-04 0.0000E+00 0.0000E+00 0.0000E+00 0.0000E+00 0.3000E-03 0.1000E-04 0.1300E-03 0.2765E-02 0.6045E-02 0.6045E+02
0.2790E-02 0.2790E-02 0.2440E-02 0.0000E+00 0.3000E-04 0.1000E-02 0.0000E+00 0.0000E+00 0.1760E-02 0.5200E-03 0.9000E-04 0.4200E-04 0.0000E+00 0.0000E+00 0.0000E+00 0.0000E+00 0.3000E-03 0.1000E-04 0.1300E-03 0.2765E-02 0.6045E-02 0.6045E+02
0.3850E-02 0.3850E-02 0.0000E+00 0.0000E+00 0.4000E-04 0.4450E-03 0.7200E-04 0.2310E-03 0.5800E-04 0.1250E-03 0.2100E-02 0.4200E-03 0.3500E-02 0.1160E-02 0.0000E+00 0.0000E+00 0.0000E+00 0.1430E-02 0.4300E-02 0.0000E+00 0.0000E+00 0.0000E+00
0.0000E+00 0.0000E+00 0.6000E-02 0.5500E-04 0.1000E-02 0.9250E-03 0.2400E-04 0.2900E-03 0.8000E-05 0.3200E-04 0.0000E+00 0.0000E+00 0.0000E+00 0.0000E+00 0.1660E-02 0.3000E-04 0.2250E-03 0.0000E+00 0.1350E-02 0.3800E-02 0.1225E-02 0.1225E+02
0.1100E-03 0.1100E-03 0.4850E-03 0.1000E-02 0.1640E-03 0.2500E-02 0.1620E-03 0.0000E+00 0.4500E-03 0.1305E-02 0.0000E+00 0.0000E+00 0.8100E-03 0.1460E-02 0.1600E-04 0.0000E+00 0.0000E+00 0.0000E+00 0.4650E-02 0.5000E-02 0.0000E+00 0.0000E+00
0.3400E-03 0.3400E-03 0.1950E-03 0.7000E-03 0.0000E+00 0.3400E-03 0.1960E-03 0.2040E-03 0.0000E+00 0.4600E-04 0.5200E-03 0.0000E+00 0.1100E-04 0.0000E+00 0.0000E+00 0.3500E-02 0.0000E+00 0.6000E-04 0.1000E-02 0.0000E+00 0.3650E-03 0.3650E+01
0.4270E-03 0.4270E-03 0.2000E-03 0.9600E-04 0.9900E-04 0.4600E-03 0.4000E-03 0.0000E+00 0.6160E-03 0.0000E+00 0.4550E-03 0.1620E-03 0.9300E-03 0.0000E+00 0.0000E+00 0.1960E-02 0.2860E-02 0.5000E-05 0.0000E+00 0.0000E+00 0.2750E-03 0.2750E+01
0.3000E-04 0.3000E-04 0.3600E-04 0.1140E-02 0.1250E-03 0.2368E-02 0.1260E-02 0.1050E-03 0.0000E+00 0.0000E+00 0.6000E-03 0.3600E-04 0.0000E+00 0.3000E-03 0.1470E-03 0.1666E-02 0.2400E-02 0.1200E-03 0.5070E-02 0.1640E-02 0.0000E+00 0.0000E+00
0.1295E-02 0.1295E-02 0.4000E-02 0.2240E-03 0.4050E-02 0.2340E-02 0.1000E-02 0.5580E-03 0.0000E+00 0.0000E+00 0.3000E-04 0.3200E-04 0.1200E-04 0.3600E-04 0.1425E-02 0.8800E-03 0.1560E-02 0.1330E-02 0.2470E-02 0.1800E-03 0.1455E-02 0.1455E+02
0.0000E+00 0.0000E+00 0.1710E-03 0.7200E-04 0.1260E-02 0.2900E-03 0.1000E-02 0.1300E-03 0.0000E+00 0.0000E+00 0.0000E+00 0.0000E+00 0.0000E+00 0.1320E-03 0.2900E-03 0.6930E-03 0.3900E-03 0.1760E-02 0.2745E-02 0.1488E-02 0.0000E+00 0.0000E+00
0.2425E-02 0.2425E-02 0.7200E-03 0.0000E+00 0.2418E-02 0.9600E-03 0.4500E-04 0.0000E+00 0.3240E-03 0.0000E+00 0.7000E-03 0.1400E-04 0.1410E-02 0.1000E-04 0.1200E-04 0.1820E-02 0.0000E+00 0.1500E-03 0.3185E-02 0.1875E-02 0.0000E+00 0.0000E+00
0.4000E-03 0.4000E-03 0.1740E-02 0.0000E+00 0.8100E-04 0.0000E+00 0.2800E-03 0.0000E+00 0.7000E-03 0.2100E-03 0.4500E-03 0.5000E-03 0.6100E-03 0.5700E-03 0.3000E-03 0.1980E-02 0.1040E-02 0.1175E-02 0.1520E-02 0.1500E-02 0.1000E-02 0.1000E+02
0.2600E-03 0.2600E-03 0.7238E-02 0.3500E-02 0.8000E-03 0.1715E-02 0.4200E-04 0.6000E-03 0.0000E+00 0.3500E-02 0.1485E-02 0.5390E-03 0.1000E-02 0.1500E-02 0.1800E-04 0.4000E-04 0.5820E-03 0.3000E-04 0.0000E+00 0.1500E-04 0.6000E-04 0.6000E+00
0.2010E-02 0.2010E-02 0.6750E-03 0.1700E-03 0.1840E-02 0.0000E+00 0.3000E-03 0.3450E-03 0.1760E-02 0.4250E-03 0.1100E-03 0.5400E-03 0.3200E-03 0.5300E-03 0.1470E-03 0.0000E+00 0.5000E-03 0.2900E-03 0.2430E-02 0.6480E-03 0.2010E-03 0.2010E+01
0.2190E-02 0.2190E-02 0.8500E-03 0.2450E-02 0.5800E-02 0.4950E-02 0.8000E-03 0.6000E-05 0.0000E+00 0.0000E+00 0.1520E-03 0.4400E-04 0.1088E-02 0.4200E-04 0.5000E-03 0.1200E-04 0.3360E-03 0.0000E+00 0.1980E-02 0.1600E-02 0.2940E-03 0.2940E+01
0.1500E-02 0.1500E-02 0.4500E-04 0.1020E-02 0.8480E-03 0.3000E-03 0.1000E-02 0.3080E-03 0.1504E-02 0.4900E-03 0.0000E+00 0.1530E-03 0.1206E-02 0.6000E-04 0.1260E-03 0.5100E-03 0.5100E-04 0.4900E-03 0.1500E-02 0.1230E-03 0.6020E-03 0.6020E+01
0.2500E-04 0.2500E-04 0.3320E-02 0.1500E-04 0.2000E-02 0.7800E-03 0.2300E-02 0.6300E-03 0.1980E-02 0.2500E-02 0.3000E-02 0.0000E+00 0.2000E-05 0.0000E+00 0.1000E-02 0.0000E+00 0.1855E-02 0.0000E+00 0.3100E-03 0.5100E-04 0.2000E-03 0.2000E+01
0.4290E-02 0.4290E-02 0.2500E-02 0.5000E-02 0.6500E-02 0.1250E-02 0.2400E-02 0.6000E-03 0.4500E-02 0.3500E-02 0.6700E-02 0.3300E-03 0.2448E-02 0.6000E-04 0.0000E+00 0.9800E-03 0.2000E-02 0.2400E-02 0.1600E-03 0.5200E-04 0.2000E-03 0.2000E+01
0.5000E-02 0.5000E-02 0.1660E-03 0.3800E-03 0.7000E-02 0.9800E-03 0.2700E-02 0.4000E-02 0.3000E-03 0.3500E-02 0.1170E-02 0.5200E-03 0.1600E-03 0.3600E-04 0.8400E-04 0.0000E+00 0.4050E-02 0.6240E-02 0.3920E-02 0.0000E+00 0.0000E+00 0.0000E+00
0.2420E-02 0.2420E-02 0.1500E-02 0.1520E-02 0.5000E-02 0.5135E-02 0.3000E-02 0.5000E-02 0.0000E+00 0.4700E-02 0.4500E-02 0.3250E-03 0.2500E-02 0.3255E-02 0.5000E-02 0.2565E-02 0.7500E-02 0.7275E-02 0.1400E-03 0.0000E+00 0.2000E-02 0.2000E+02
0.3240E-02 0.3240E-02 0.4200E-03 0.1000E-02 0.4400E-03 0.5500E-02 0.4000E-02 0.3395E-02 0.1581E-02 0.5000E-02 0.4500E-02 0.6000E-04 0.6200E-03 0.8100E-03 0.1680E-02 0.4500E-02 0.2400E-03 0.0000E+00 0.1000E-02 0.3000E-02 0.5000E-02 0.5000E+02
0.1000E-02 0.1000E-02 0.3600E-04 0.4800E-03 0.1470E-02 0.1435E-02 0.1260E-02 0.8200E-03 0.6400E-03 0.1620E-02 0.2730E-02 0.5500E-03 0.2349E-02 0.2950E-03 0.0000E+00 0.5500E-04 0.3795E-02 0.3200E-03 0.4410E-02 0.2500E-02 0.4690E-02 0.4690E+02
0.0000E+00 0.0000E+00 0.3600E-04 0.4000E-03 0.1395E-02 0.4750E-02 0.3300E-03 0.0000E+00 0.5340E-03 0.4450E-03 0.1500E-02 0.0000E+00 0.2000E-04 0.3115E-02 0.0000E+00 0.2175E-02 0.2385E-02 0.3115E-02 0.4020E-02 0.1000E-03 0.2925E-02 0.2925E+02
0.2925E-02 0.2925E-02 0.2790E-02 0.3600E-02 0.6720E-03 0.2600E-03 0.2000E-04 0.4680E-03 0.0000E+00 0.2100E-03 0.1560E-03 0.6820E-03 0.0000E+00 0.0000E+00 0.1100E-03 0.0000E+00 0.5200E-03 0.1950E-02 0.3050E-02 0.5000E-02 0.2475E-02 0.2475E+02
0.4000E-02 0.4000E-02 0.4000E-02 0.3100E-02 0.3200E-04 0.1230E-03 0.0000E+00 0.2450E-03 0.0000E+00 0.6300E-04 0.0000E+00 0.0000E+00 0.5000E-04 0.2400E-04 0.2250E-03 0.1204E-02 0.5900E-03 0.3000E-02 0.9600E-03 0.3280E-02 0.7200E-03 0.7200E+01
0.5200E-03 0.5200E-03 0.1500E-02 0.0000E+00 0.1235E-02 0.2310E-02 0.3200E-03 0.0000E+00 0.0000E+00 0.1120E-03 0.2200E-03 0.2550E-03 0.2200E-03 0.9600E-03 0.0000E+00 0.0000E+00 0.1300E-02 0.5550E-03 0.1580E-02 0.8400E-03 0.1700E-03 0.1700E+01
0.6500E-04 0.6500E-04 0.3500E-02 0.3770E-02 0.1500E-04 0.4500E-02 0.2075E-02 0.5300E-03 0.1500E-04 0.2040E-03 0.0000E+00 0.1960E-03 0.1950E-03 0.1200E-02 0.1400E-03 0.1826E-02 0.9000E-03 0.4200E-03 0.1500E-02 0.1640E-02 0.3850E-03 0.3850E+01
0.3000E-02 0.3000E-02 0.8600E-03 0.1140E-02 0.1360E-03 0.5000E-02 0.8000E-04 0.6000E-03 0.9100E-03 0.3400E-03 0.0000E+00 0.1800E-02 0.1645E-02 0.0000E+00 0.1640E-03 0.0000E+00 0.4140E-03 0.1980E-03 0.7440E-03 0.7750E-03 0.4050E-03 0.4050E+01
0.6000E-02 0.6000E-02 0.0000E+00 0.5000E-02 0.1880E-02 0.3770E-02 0.1100E-02 0.2720E-03 0.1455E-02 0.2350E-03 0.1230E-02 0.1425E-02 0.6500E-02 0.1640E-02 0.0000E+00 0.0000E+00 0.0000E+00 0.2370E-03 0.1960E-03 0.1625E-02 0.1560E-02 0.1560E+02
0.0000E+00 0.0000E+00 0.2300E-03 0.0000E+00 0.1600E-02 0.1400E-02 0.4900E-02 0.0000E+00 0.3150E-03 0.0000E+00 0.1050E-03 0.2940E-03 0.4180E-02 0.3640E-02 0.1680E-02 0.6000E-02 0.2205E-02 0.3000E-03 0.2000E-04 0.0000E+00 0.2000E-02 0.2000E+02
0.3500E-02 0.3500E-02 0.0000E+00 0.7200E-03 0.0000E+00 0.4550E-03 0.3500E-02 0.1260E-02 0.2400E-04 0.3500E-02 0.3800E-03 0.7700E-04 0.7650E-03 0.6600E-03 0.1520E-02 0.6500E-02 0.3264E-02 0.1000E-02 0.1590E-03 0.5600E-03 0.1500E-02 0.1500E+02
0.5000E-03 0.5000E-03 0.9000E-04 0.1500E-02 0.3800E-02 0.5800E-02 0.4500E-02 0.8800E-04 0.4000E-02 0.2000E-02 0.2000E-02 0.2000E-02 0.6440E-03 0.2660E-02 0.0000E+00 0.1800E-02 0.4500E-02 0.1400E-02 0.3600E-03 0.1620E-03 0.7900E-03 0.7900E+01
0.1600E-04 0.1600E-04 0.3600E-04 0.2000E-02 0.5000E-04 0.2310E-02 0.1000E-04 0.8400E-04 0.3040E-02 0.1020E-02 0.2000E-02 0.2000E-02 0.4560E-03 0.1520E-02 0.0000E+00 0.1980E-02 0.5000E-02 0.9900E-03 0.1500E-02 0.3000E-03 0.1000E-03 0.1000E+01
0.2150E-03 0.2150E-03 0.0000E+00 0.2000E-02 0.9000E-04 0.1160E-02 0.6600E-03 0.1547E-02 0.5500E-02 0.3440E-02 0.1950E-02 0.1600E-03 0.0000E+00 0.0000E+00 0.6800E-03 0.5750E-03 0.3300E-03 0.8100E-03 0.1000E-02 0.4200E-03 0.3500E-02 0.3500E+02
0.1500E-02 0.1500E-02 0.1900E-03 0.0000E+00 0.5000E-02 0.5600E-03 0.5000E-05 0.2000E-02 0.4745E-02 0.1760E-02 0.3200E-04 0.2000E-03 0.2500E-02 0.1620E-03 0.6380E-03 0.1000E-03 0.4500E-03 0.1000E-02 0.4650E-03 0.0000E+00 0.1652E-02 0.1652E+02
0.1080E-02 0.1080E-02 0.0000E+00 0.1513E-02 0.4455E-02 0.9600E-03 0.2450E-02 0.1000E-02 0.2550E-02 0.3080E-02 0.4300E-03 0.1620E-03 0.3000E-02 0.1584E-02 0.1120E-03 0.5000E-04 0.1800E-04 0.3760E-03 0.1800E-03 0.7000E-04 0.2850E-03 0.2850E+01
0.0000E+00 0.0000E+00 0.0000E+00 0.1500E-02 0.3060E-02 0.8500E-03 0.3200E-02 0.0000E+00 0.1800E-02 0.3500E-02 0.1225E-02 0.2000E-02 0.4500E-02 0.4500E-02 0.0000E+00 0.3000E-02 0.0000E+00 0.3000E-03 0.3160E-03 0.0000E+00 0.0000E+00 0.0000E+00
0.0000E+00 0.0000E+00 0.0000E+00 0.2300E-03 0.1050E-03 0.4900E-03 0.2580E-02 0.7200E-03 0.0000E+00 0.2520E-03 0.1400E-03 0.2000E-02 0.1750E-03 0.3696E-02 0.2392E-02 0.6300E-03 0.9000E-04 0.2000E-05 0.0000E+00 0.3960E-02 0.2580E-02 0.2580E+02
0.0000E+00 0.0000E+00 0.9300E-03 0.2800E-04 0.8000E-04 0.4500E-02 0.3700E-02 0.1330E-02 0.1000E-02 0.7500E-03 0.1500E-02 0.1550E-02 0.2500E-02 0.1375E-02 0.0000E+00 0.1900E-03 0.0000E+00 0.3100E-03 0.3900E-03 0.2480E-02 0.3650E-02 0.3650E+02
0.7200E-03 0.7200E-03 0.1110E-02 0.4000E-04 0.4500E-02 0.3000E-02 0.4900E-02 0.1470E-02 0.0000E+00 0.1100E-03 0.5940E-03 0.3115E-02 0.1775E-02 0.5500E-03 0.1054E-02 0.6000E-02 0.0000E+00 0.3500E-04 0.1140E-02 0.0000E+00 0.4365E-02 0.4365E+02
0.9360E-03 0.9360E-03 0.2500E-03 0.4500E-04 0.2000E-04 0.0000E+00 0.2460E-02 0.4900E-03 0.8850E-03 0.1800E-02 0.0000E+00 0.2500E-02 0.3500E-02 0.4200E-03 0.2075E-02 0.5880E-02 0.6000E-02 0.4500E-02 0.2500E-02 0.3000E-02 0.1350E-02 0.1350E+02
0.0000E+00 0.0000E+00 0.4200E-02 0.1300E-02 0.0000E+00 0.2325E-02 0.6860E-02 0.2900E-03 0.1500E-02 0.2000E-02 0.4290E-02 0.1440E-03 0.2500E-02 0.3200E-03 0.2231E-02 0.2000E-03 0.2400E-03 0.4500E-02 0.2300E-02 0.3600E-03 0.1275E-02 0.1275E+02
0.6000E-04 0.6000E-04 0.4860E-03 0.0000E+00 0.2950E-02 0.3080E-02 0.2200E-02 0.8800E-04 0.0000E+00 0.0000E+00 0.3000E-03 0.6600E-03 0.1400E-03 0.1500E-03 0.2250E-03 0.1600E-02 0.2190E-02 0.4500E-02 0.5250E-03 0.2000E-02 0.1800E-02 0.1800E+02
0.1440E-02 0.1440E-02 0.6000E-04 0.6240E-02 0.0000E+00 0.0000E+00 0.8000E-04 0.2450E-02 0.0000E+00 0.1344E-02 0.4000E-02 0.3395E-02 0.6500E-02 0.6720E-02 0.4400E-04 0.2000E-04 0.1470E-02 0.5000E-02 0.2496E-02 0.3150E-03 0.6380E-03 0.6380E+01
0.0000E+00 0.0000E+00 0.1000E-02 0.2660E-02 0.6500E-02 0.1820E-02 0.3465E-02 0.7140E-03 0.3500E-04 0.1500E-02 0.2520E-02 0.7000E-02 0.4760E-02 0.6110E-02 0.1950E-02 0.0000E+00 0.1656E-02 0.1800E-03 0.1715E-02 0.6630E-03 0.5160E-03 0.5160E+01
0.9900E-03 0.9900E-03 0.2000E-02 0.5700E-03 0.6000E-02 0.1820E-02 0.6790E-03 0.1000E-04 0.3600E-04 0.6600E-04 0.1000E-02 0.7000E-02 0.0000E+00 0.5104E-02 0.1700E-02 0.1940E-02 0.0000E+00 0.2760E-02 0.2500E-02 0.3400E-03 0.1680E-03 0.1680E+01
0.2000E-02 0.2000E-02 0.2275E-02 0.2550E-03 0.7050E-03 0.9240E-03 0.4800E-03 0.0000E+00 0.2200E-03 0.0000E+00 0.2314E-02 0.5500E-02 0.2550E-03 0.5500E-02 0.2556E-02 0.2500E-02 0.3400E-02 0.0000E+00 0.0000E+00 0.1323E-02 0.2400E-02 0.2400E+02
0.7300E-03 0.7300E-03 0.2940E-02 0.5940E-02 0.5000E-02 0.4800E-03 0.0000E+00 0.1180E-03 0.3600E-04 0.9600E-04 0.0000E+00 0.1000E-04 0.0000E+00 0.2500E-02 0.1200E-04 0.2000E-04 0.3168E-02 0.3600E-02 0.5700E-03 0.3000E-04 0.6000E-05 0.6000E-01
0.1500E-02 0.1500E-02 0.1500E-02 0.4950E-02 0.2160E-02 0.1292E-02 0.3240E-02 0.0000E+00 0.2350E-03 0.3700E-03 0.2100E-02 0.6160E-03 0.9180E-03 0.6500E-02 0.5700E-03 0.3700E-02 0.3120E-03 0.6000E-03 0.8100E-03 0.4700E-03 0.1400E-02 0.1400E+02
0.0000E+00 0.0000E+00 0.4000E-02 0.1435E-02 0.6000E-02 0.6580E-02 0.6580E-02 0.8550E-03 0.4700E-02 0.3200E-02 0.5000E-02 0.3150E-03 0.1200E-03 0.3900E-03 0.5500E-02 0.5440E-03 0.2000E-02 0.4000E-03 0.6000E-02 0.4200E-04 0.1700E-02 0.1700E+02
0.3100E-03 0.3100E-03 0.1800E-02 0.2940E-02 0.1860E-02 0.0000E+00 0.1980E-02 0.1800E-03 0.1000E-04 0.1280E-02 0.1470E-02 0.6300E-03 0.2745E-02 0.6500E-02 0.6500E-02 0.8000E-04 0.2336E-02 0.4320E-02 0.2880E-02 0.2275E-02 0.2900E-02 0.2900E+02
0.6305E-02 0.6305E-02 0.8000E-02 0.7500E-02 0.8000E-02 0.9000E-02 0.5005E-02 0.1170E-03 0.3000E-02 0.2040E-02 0.2000E-02 0.2400E-03 0.1600E-02 0.0000E+00 0.5700E-02 0.7500E-02 0.2850E-02 0.4050E-03 0.1980E-02 0.1925E-02 0.0000E+00 0.0000E+00
0.5500E-04 0.5500E-04 0.1170E-02 0.5775E-02 0.7500E-02 0.6745E-02 0.9800E-03 0.1000E-02 0.8500E-03 0.0000E+00 0.2200E-03 0.1410E-03 0.3640E-03 0.2380E-02 0.6000E-02 0.6930E-02 0.1950E-02 0.1755E-02 0.1155E-02 0.1350E-02 0.4500E-02 0.4500E+02
0.0000E+00 0.0000E+00 0.0000E+00 0.0000E+00 0.6045E-02 0.9600E-03 0.0000E+00 0.7500E-03 0.3850E-03 0.5000E-02 0.4000E-02 0.3700E-02 0.3000E-02 0.8000E-02 0.0000E+00 0.7350E-02 0.2970E-02 0.3500E-02 0.9000E-03 0.1110E-02 0.0000E+00 0.0000E+00
0.3500E-02 0.3500E-02 0.7700E-04 0.1620E-03 0.2680E-02 0.1660E-02 0.4000E-02 0.2000E-02 0.2800E-03 0.6320E-02 0.6020E-02 0.4680E-02 0.2380E-02 0.3500E-02 0.4536E-02 0.6000E-02 0.3150E-02 0.2850E-02 0.5200E-03 0.7200E-04 0.1920E-02 0.1920E+02
0.8050E-03 0.8050E-03 0.7750E-03 0.1590E-03 0.0000E+00 0.5000E-03 0.1230E-02 0.6400E-03 0.3000E-02 0.9000E-02 0.2940E-02 0.0000E+00 0.4000E-02 0.6500E-03 0.1575E-02 0.4500E-03 0.1564E-02 0.3000E-04 0.1500E-02 0.3000E-04 0.2500E-02 0.2500E+02
0.7600E-04 0.7600E-04 0.1220E-03 0.0000E+00 0.0000E+00 0.1000E-02 0.3350E-03 0.2940E-03 0.4200E-03 0.8500E-02 0.5500E-03 0.3255E-02 0.3740E-02 0.0000E+00 0.1520E-02 0.1120E-02 0.0000E+00 0.2000E-04 0.1280E-03 0.1800E-02 0.1275E-02 0.1275E+02
0.2460E-03 0.2460E-03 0.2000E-02 0.2790E-02 0.5940E-02 0.9500E-04 0.4900E-03 0.1600E-04 0.5100E-04 0.6500E-02 0.1000E-03 0.4500E-03 0.3240E-02 0.4500E-02 0.4466E-02 0.2940E-02 0.0000E+00 0.0000E+00 0.1020E-03 0.2800E-03 0.2700E-02 0.2700E+02
0.0000E+00 0.0000E+00 0.2800E-02 0.0000E+00 0.4900E-02 0.0000E+00 0.0000E+00 0.3550E-03 0.9000E-04 0.8050E-03 0.1170E-02 0.2310E-03 0.0000E+00 0.2500E-02 0.0000E+00 0.0000E+00 0.1980E-03 0.1160E-02 0.0000E+00 0.1160E-03 0.1050E-03 0.1050E+01
0.9400E-03 0.9400E-03 0.1100E-03 0.1710E-03 0.5640E-02 0.1404E-02 0.3900E-03 0.2640E-03 0.1000E-02 0.1440E-02 0.4750E-03 0.7800E-04 0.2000E-03 0.1200E-03 0.3480E-02 0.7800E-04 0.1100E-03 0.1365E-02 0.1600E-04 0.0000E+00 0.1460E-03 0.1460E+01
0.1400E-03 0.1400E-03 0.1110E-02 0.0000E+00 0.4420E-03 0.1760E-02 0.2250E-03 0.4000E-03 0.1750E-03 0.2000E-02 0.2220E-03 0.1600E-03 0.0000E+00 0.9700E-04 0.6000E-02 0.0000E+00 0.2220E-03 0.3000E-02 0.3000E-02 0.1480E-03 0.5000E-03 0.5000E+01
0.1400E+01 0.1400E+01 0.1110E+02 0.0000E+00 0.4420E+01 0.1760E+02 0.2250E+01 0.4000E+01 0.1750E+01 0.2000E+02 0.2220E+01 0.1600E+01 0.0000E+00 0.9700E+00 0.6000E+02 0.0000E+00 0.2220E+01 0.3000E+02 0.3000E+02 0.1480E+01 0.5000E+01 0.5000E+01
