Output/theta001.asc
ncols     22
nrows     62
xllcorner      0.00000000
yllcorner      0.00000000
cellsize      0.50000000
nodata_value -9999
0.2165E+00 0.2165E+00 0.2050E+00 0.1830E+00 0.1852E+00 0.2190E+00 0.1830E+00 0.1985E+00 0.2147E+00 0.1924E+00 0.1852E+00 0.1852E+00 0.1830E+00 0.1830E+00 0.1830E+00 0.1830E+00 0.1873E+00 0.1837E+00 0.1924E+00 0.2114E+00 0.2165E+00 0.2165E+00
0.2165E+00 0.2425E+00 0.2306E+00 0.2102E+00 0.2122E+00 0.2469E+00 0.2105E+00 0.2256E+00 0.2417E+00 0.2195E+00 0.2121E+00 0.2114E+00 0.2113E+00 0.2106E+00 0.2097E+00 0.2109E+00 0.2151E+00 0.2106E+00 0.2189E+00 0.2391E+00 0.2448E+00 0.2165E+00
0.2107E+00 0.2385E+00 0.2108E+00 0.2117E+00 0.2138E+00 0.2431E+00 0.2185E+00 0.2390E+00 0.2209E+00 0.2176E+00 0.2333E+00 0.2332E+00 0.2435E+00 0.2211E+00 0.2098E+00 0.2112E+00 0.2091E+00 0.2196E+00 0.2422E+00 0.2101E+00 0.2095E+00 0.1830E+00
0.1830E+00 0.2105E+00 0.2492E+00 0.2138E+00 0.2475E+00 0.2235E+00 0.2101E+00 0.2228E+00 0.2150E+00 0.2235E+00 0.2109E+00 0.2101E+00 0.2127E+00 0.2107E+00 0.2420E+00 0.2140E+00 0.2172E+00 0.2098E+00 0.2219E+00 0.2355E+00 0.2300E+00 0.2006E+00
0.1909E+00 0.2197E+00 0.2450E+00 0.2467E+00 0.2393E+00 0.2478E+00 0.2393E+00 0.2365E+00 0.2400E+00 0.2424E+00 0.2104E+00 0.2142E+00 0.2404E+00 0.2388E+00 0.2152E+00 0.2110E+00 0.2088E+00 0.2109E+00 0.2450E+00 0.2478E+00 0.2132E+00 0.1830E+00
0.2075E+00 0.2364E+00 0.2250E+00 0.2478E+00 0.2103E+00 0.2368E+00 0.2477E+00 0.2361E+00 0.2141E+00 0.2310E+00 0.2311E+00 0.2107E+00 0.2160E+00 0.2136E+00 0.2106E+00 0.2456E+00 0.2136E+00 0.2151E+00 0.2192E+00 0.2143E+00 0.2370E+00 0.2093E+00
0.2050E+00 0.2359E+00 0.2503E+00 0.2214E+00 0.2495E+00 0.2467E+00 0.2494E+00 0.2149E+00 0.2419E+00 0.2224E+00 0.2372E+00 0.2432E+00 0.2328E+00 0.2123E+00 0.2125E+00 0.2480E+00 0.2303E+00 0.2128E+00 0.2106E+00 0.2118E+00 0.2166E+00 0.1870E+00
0.1866E+00 0.2167E+00 0.2255E+00 0.2407E+00 0.2147E+00 0.2335E+00 0.2367E+00 0.2190E+00 0.2233E+00 0.2218E+00 0.2476E+00 0.2248E+00 0.2122E+00 0.2491E+00 0.2198E+00 0.2498E+00 0.2304E+00 0.2140E+00 0.2403E+00 0.2411E+00 0.2135E+00 0.1830E+00
0.1963E+00 0.2262E+00 0.2478E+00 0.2166E+00 0.2418E+00 0.2302E+00 0.2515E+00 0.2473E+00 0.2208E+00 0.2126E+00 0.2173E+00 0.2239E+00 0.2135E+00 0.2180E+00 0.2470E+00 0.2441E+00 0.2330E+00 0.2193E+00 0.2271E+00 0.2184E+00 0.2492E+00 0.2179E+00
0.1830E+00 0.2135E+00 0.2333E+00 0.2224E+00 0.2264E+00 0.2253E+00 0.2499E+00 0.2211E+00 0.2310E+00 0.2271E+00 0.2135E+00 0.2244E+00 0.2310E+00 0.2358E+00 0.2362E+00 0.2491E+00 0.2275E+00 0.2289E+00 0.2401E+00 0.2432E+00 0.2148E+00 0.1830E+00
0.2179E+00 0.2469E+00 0.2188E+00 0.2151E+00 0.2478E+00 0.2480E+00 0.2170E+00 0.2130E+00 0.2452E+00 0.2135E+00 0.2372E+00 0.2147E+00 0.2476E+00 0.2137E+00 0.2152E+00 0.2458E+00 0.2125E+00 0.2195E+00 0.2430E+00 0.2437E+00 0.2125E+00 0.1830E+00
0.1888E+00 0.2193E+00 0.2342E+00 0.2127E+00 0.2148E+00 0.2166E+00 0.2334E+00 0.2139E+00 0.2509E+00 0.2278E+00 0.2273E+00 0.2517E+00 0.2352E+00 0.2466E+00 0.2486E+00 0.2503E+00 0.2428E+00 0.2328E+00 0.2285E+00 0.2534E+00 0.2494E+00 0.2190E+00
0.1924E+00 0.2231E+00 0.2458E+00 0.2450E+00 0.2486E+00 0.2296E+00 0.2160E+00 0.2511E+00 0.2134E+00 0.2491E+00 0.2486E+00 0.2400E+00 0.2541E+00 0.2512E+00 0.2169E+00 0.2122E+00 0.2521E+00 0.2157E+00 0.2102E+00 0.2164E+00 0.2162E+00 0.1852E+00
0.2071E+00 0.2399E+00 0.2178E+00 0.2223E+00 0.2294E+00 0.2107E+00 0.2456E+00 0.2408E+00 0.2438E+00 0.2466E+00 0.2265E+00 0.2322E+00 0.2270E+00 0.2338E+00 0.2304E+00 0.2123E+00 0.2287E+00 0.2321E+00 0.2355E+00 0.2353E+00 0.2351E+00 0.2071E+00
0.2093E+00 0.2410E+00 0.2211E+00 0.2483E+00 0.2498E+00 0.2477E+00 0.2495E+00 0.2169E+00 0.2099E+00 0.2084E+00 0.2443E+00 0.2207E+00 0.2363E+00 0.2188E+00 0.2512E+00 0.2149E+00 0.2298E+00 0.2130E+00 0.2475E+00 0.2438E+00 0.2508E+00 0.2183E+00
0.2190E+00 0.2500E+00 0.2158E+00 0.2380E+00 0.2323E+00 0.2337E+00 0.2491E+00 0.2223E+00 0.2447E+00 0.2281E+00 0.2479E+00 0.2322E+00 0.2382E+00 0.2148E+00 0.2320E+00 0.2354E+00 0.2335E+00 0.2311E+00 0.2517E+00 0.2285E+00 0.2436E+00 0.2140E+00
0.1834E+00 0.2137E+00 0.2447E+00 0.2117E+00 0.2490E+00 0.2306E+00 0.2481E+00 0.2282E+00 0.2471E+00 0.2482E+00 0.2520E+00 0.2151E+00 0.2144E+00 0.2117E+00 0.2441E+00 0.2160E+00 0.2336E+00 0.2132E+00 0.2361E+00 0.2174E+00 0.2470E+00 0.2190E+00
0.2068E+00 0.2363E+00 0.2520E+00 0.2512E+00 0.2510E+00 0.2238E+00 0.2529E+00 0.2259E+00 0.2482E+00 0.2485E+00 0.2512E+00 0.2232E+00 0.2357E+00 0.2196E+00 0.2133E+00 0.2516E+00 0.2306E+00 0.2326E+00 0.2415E+00 0.2328E+00 0.2454E+00 0.2190E+00
0.2190E+00 0.2471E+00 0.2447E+00 0.2290E+00 0.2519E+00 0.2486E+00 0.2466E+00 0.2501E+00 0.2157E+00 0.2500E+00 0.2245E+00 0.2216E+00 0.2260E+00 0.2203E+00 0.2282E+00 0.2123E+00 0.2337E+00 0.2489E+00 0.2481E+00 0.2094E+00 0.2116E+00 0.1841E+00
0.1988E+00 0.2278E+00 0.2432E+00 0.2275E+00 0.2501E+00 0.2419E+00 0.2488E+00 0.2516E+00 0.2117E+00 0.2486E+00 0.2501E+00 0.2164E+00 0.2495E+00 0.2451E+00 0.2514E+00 0.2362E+00 0.2464E+00 0.2487E+00 0.2223E+00 0.2115E+00 0.2514E+00 0.2190E+00
0.2089E+00 0.2365E+00 0.2432E+00 0.2496E+00 0.2184E+00 0.2482E+00 0.2539E+00 0.2517E+00 0.2428E+00 0.2477E+00 0.2519E+00 0.2158E+00 0.2375E+00 0.2451E+00 0.2348E+00 0.2516E+00 0.2188E+00 0.2125E+00 0.2472E+00 0.2499E+00 0.2483E+00 0.2190E+00
0.2190E+00 0.2487E+00 0.2214E+00 0.2347E+00 0.2252E+00 0.2317E+00 0.2336E+00 0.2264E+00 0.2344E+00 0.2408E+00 0.2502E+00 0.2270E+00 0.2479E+00 0.2324E+00 0.2166E+00 0.2115E+00 0.2388E+00 0.2134E+00 0.2380E+00 0.2497E+00 0.2421E+00 0.2082E+00
0.1830E+00 0.2164E+00 0.2195E+00 0.2264E+00 0.2430E+00 0.2509E+00 0.2146E+00 0.2104E+00 0.2439E+00 0.2416E+00 0.2477E+00 0.2165E+00 0.2100E+00 0.2467E+00 0.2144E+00 0.2418E+00 0.2300E+00 0.2474E+00 0.2398E+00 0.2131E+00 0.2384E+00 0.2064E+00
0.1992E+00 0.2320E+00 0.2466E+00 0.2537E+00 0.2260E+00 0.2361E+00 0.2130E+00 0.2356E+00 0.2138E+00 0.2276E+00 0.2329E+00 0.2389E+00 0.2098E+00 0.2149E+00 0.2237E+00 0.2119E+00 0.2264E+00 0.2407E+00 0.2343E+00 0.2526E+00 0.2371E+00 0.2028E+00
0.2190E+00 0.2510E+00 0.2464E+00 0.2374E+00 0.2136E+00 0.2358E+00 0.2105E+00 0.2303E+00 0.2149E+00 0.2388E+00 0.2114E+00 0.2143E+00 0.2160E+00 0.2151E+00 0.2288E+00 0.2424E+00 0.2311E+00 0.2545E+00 0.2261E+00 0.2494E+00 0.2171E+00 0.1916E+00
0.2017E+00 0.2327E+00 0.2491E+00 0.2173E+00 0.2433E+00 0.2421E+00 0.2353E+00 0.2227E+00 0.2097E+00 0.2347E+00 0.2218E+00 0.2202E+00 0.2287E+00 0.2491E+00 0.2152E+00 0.2130E+00 0.2491E+00 0.2321E+00 0.2446E+00 0.2278E+00 0.2233E+00 0.1952E+00
0.1877E+00 0.2202E+00 0.2531E+00 0.2390E+00 0.2124E+00 0.2550E+00 0.2507E+00 0.2335E+00 0.2169E+00 0.2391E+00 0.2166E+00 0.2185E+00 0.2257E+00 0.2519E+00 0.2151E+00 0.2417E+00 0.2469E+00 0.2476E+00 0.2503E+00 0.2427E+00 0.2388E+00 0.2107E+00
0.2190E+00 0.2546E+00 0.2303E+00 0.2276E+00 0.2115E+00 0.2460E+00 0.2236E+00 0.2403E+00 0.2449E+00 0.2389E+00 0.2137E+00 0.2493E+00 0.2293E+00 0.2142E+00 0.2435E+00 0.2124E+00 0.2368E+00 0.2403E+00 0.2469E+00 0.2245E+00 0.2440E+00 0.2122E+00
0.2190E+00 0.2584E+00 0.2096E+00 0.2493E+00 0.2437E+00 0.2282E+00 0.2338E+00 0.2233E+00 0.2454E+00 0.2268E+00 0.2421E+00 0.2492E+00 0.2469E+00 0.2457E+00 0.2130E+00 0.2113E+00 0.2125E+00 0.2372E+00 0.2373E+00 0.2332E+00 0.2407E+00 0.2111E+00
0.1830E+00 0.2185E+00 0.2186E+00 0.2155E+00 0.2483E+00 0.2212E+00 0.2628E+00 0.2350E+00 0.2324E+00 0.2099E+00 0.2210E+00 0.2221E+00 0.2378E+00 0.2449E+00 0.2398E+00 0.2477E+00 0.2297E+00 0.2464E+00 0.2202E+00 0.2098E+00 0.2459E+00 0.2190E+00
0.2190E+00 0.2550E+00 0.2115E+00 0.2390E+00 0.2199E+00 0.2149E+00 0.2557E+00 0.2244E+00 0.2206E+00 0.2486E+00 0.2218E+00 0.2439E+00 0.2338E+00 0.2354E+00 0.2434E+00 0.2495E+00 0.2304E+00 0.2464E+00 0.2353E+00 0.2397E+00 0.2484E+00 0.2190E+00
0.2190E+00 0.2506E+00 0.2198E+00 0.2501E+00 0.2479E+00 0.2464E+00 0.2584E+00 0.2281E+00 0.2483E+00 0.2496E+00 0.2479E+00 0.2479E+00 0.2439E+00 0.2404E+00 0.2157E+00 0.2556E+00 0.2502E+00 0.2383E+00 0.2435E+00 0.2191E+00 0.2426E+00 0.2114E+00
0.1859E+00 0.2185E+00 0.2183E+00 0.2494E+00 0.2162E+00 0.2365E+00 0.2195E+00 0.2282E+00 0.2392E+00 0.2283E+00 0.2475E+00 0.2527E+00 0.2222E+00 0.2402E+00 0.2080E+00 0.2541E+00 0.2568E+00 0.2242E+00 0.2516E+00 0.2343E+00 0.2180E+00 0.1902E+00
0.1985E+00 0.2300E+00 0.2124E+00 0.2507E+00 0.2137E+00 0.2355E+00 0.2307E+00 0.2458E+00 0.2481E+00 0.2452E+00 0.2402E+00 0.2224E+00 0.2081E+00 0.2109E+00 0.2221E+00 0.2251E+00 0.2188E+00 0.2241E+00 0.2546E+00 0.2275E+00 0.2461E+00 0.2190E+00
0.2190E+00 0.2480E+00 0.2248E+00 0.2107E+00 0.2506E+00 0.2193E+00 0.2194E+00 0.2465E+00 0.2386E+00 0.2256E+00 0.2230E+00 0.2515E+00 0.2458E+00 0.2109E+00 0.2218E+00 0.2129E+00 0.2185E+00 0.2491E+00 0.2262E+00 0.2176E+00 0.2315E+00 0.2042E+00
0.2089E+00 0.2375E+00 0.2149E+00 0.2446E+00 0.2499E+00 0.2283E+00 0.2540E+00 0.2513E+00 0.2474E+00 0.2462E+00 0.2438E+00 0.2491E+00 0.2481E+00 0.2429E+00 0.2152E+00 0.2179E+00 0.2155E+00 0.2476E+00 0.2255E+00 0.2194E+00 0.2433E+00 0.2172E+00
0.1830E+00 0.2155E+00 0.2121E+00 0.2486E+00 0.2370E+00 0.2289E+00 0.2413E+00 0.2134E+00 0.2462E+00 0.2471E+00 0.2290E+00 0.2524E+00 0.2498E+00 0.2461E+00 0.2100E+00 0.2532E+00 0.2106E+00 0.2489E+00 0.2446E+00 0.2132E+00 0.2122E+00 0.1830E+00
0.1830E+00 0.2166E+00 0.2097E+00 0.2309E+00 0.2191E+00 0.2209E+00 0.2483E+00 0.2219E+00 0.2130E+00 0.2139E+00 0.2193E+00 0.2519E+00 0.2132E+00 0.2460E+00 0.2457E+00 0.2198E+00 0.2258E+00 0.2138E+00 0.2124E+00 0.2482E+00 0.2409E+00 0.2140E+00
0.1891E+00 0.2206E+00 0.2436E+00 0.2193E+00 0.2182E+00 0.2505E+00 0.2540E+00 0.2264E+00 0.2461E+00 0.2375E+00 0.2520E+00 0.2405E+00 0.2484E+00 0.2310E+00 0.2138E+00 0.2281E+00 0.2170E+00 0.2370E+00 0.2281E+00 0.2336E+00 0.2405E+00 0.2093E+00
0.2089E+00 0.2414E+00 0.2354E+00 0.2176E+00 0.2473E+00 0.2505E+00 0.2520E+00 0.2277E+00 0.2094E+00 0.2153E+00 0.2235E+00 0.2521E+00 0.2371E+00 0.2240E+00 0.2350E+00 0.2496E+00 0.2123E+00 0.2153E+00 0.2268E+00 0.2193E+00 0.2463E+00 0.2179E+00
0.2089E+00 0.2406E+00 0.2234E+00 0.2251E+00 0.2115E+00 0.2139E+00 0.2305E+00 0.2312E+00 0.2311E+00 0.2545E+00 0.2187E+00 0.2557E+00 0.2516E+00 0.2251E+00 0.2497E+00 0.2537E+00 0.2505E+00 0.2507E+00 0.2509E+00 0.2493E+00 0.2263E+00 0.1938E+00
0.1830E+00 0.2161E+00 0.2444E+00 0.2322E+00 0.2085E+00 0.2471E+00 0.2522E+00 0.2325E+00 0.2490E+00 0.2521E+00 0.2378E+00 0.2198E+00 0.2538E+00 0.2137E+00 0.2455E+00 0.2137E+00 0.2122E+00 0.2493E+00 0.2491E+00 0.2204E+00 0.2400E+00 0.2100E+00
0.1873E+00 0.2207E+00 0.2243E+00 0.2111E+00 0.2327E+00 0.2412E+00 0.2293E+00 0.2268E+00 0.2173E+00 0.2147E+00 0.2152E+00 0.2378E+00 0.2253E+00 0.2117E+00 0.2365E+00 0.2472E+00 0.2369E+00 0.2471E+00 0.2204E+00 0.2491E+00 0.2471E+00 0.2190E+00
0.2089E+00 0.2391E+00 0.2158E+00 0.2466E+00 0.2136E+00 0.2122E+00 0.2185E+00 0.2443E+00 0.2136E+00 0.2495E+00 0.2454E+00 0.2534E+00 0.2567E+00 0.2460E+00 0.2107E+00 0.2113E+00 0.2453E+00 0.2499E+00 0.2468E+00 0.2219E+00 0.2283E+00 0.1934E+00
0.1830E+00 0.2156E+00 0.2503E+00 0.2250E+00 0.2463E+00 0.2312E+00 0.2522E+00 0.2251E+00 0.2169E+00 0.2504E+00 0.2342E+00 0.2498E+00 0.2405E+00 0.2431E+00 0.2379E+00 0.2086E+00 0.2370E+00 0.2139E+00 0.2313E+00 0.2284E+00 0.2473E+00 0.2140E+00
0.2186E+00 0.2518E+00 0.2500E+00 0.2245E+00 0.2509E+00 0.2298E+00 0.2531E+00 0.2138E+00 0.2187E+00 0.2256E+00 0.2433E+00 0.2498E+00 0.2187E+00 0.2434E+00 0.2470E+00 0.2458E+00 0.2118E+00 0.2493E+00 0.2482E+00 0.2240E+00 0.2209E+00 0.1931E+00
0.2190E+00 0.2492E+00 0.2501E+00 0.2300E+00 0.2303E+00 0.2394E+00 0.2350E+00 0.2133E+00 0.2266E+00 0.2158E+00 0.2466E+00 0.2510E+00 0.2363E+00 0.2515E+00 0.2416E+00 0.2504E+00 0.2508E+00 0.2118E+00 0.2155E+00 0.2360E+00 0.2458E+00 0.2190E+00
0.2093E+00 0.2374E+00 0.2465E+00 0.2485E+00 0.2498E+00 0.2298E+00 0.2119E+00 0.2328E+00 0.2143E+00 0.2237E+00 0.2174E+00 0.2113E+00 0.2178E+00 0.2485E+00 0.2137E+00 0.2115E+00 0.2513E+00 0.2547E+00 0.2303E+00 0.2182E+00 0.2125E+00 0.1837E+00
0.2190E+00 0.2496E+00 0.2510E+00 0.2370E+00 0.2340E+00 0.2410E+00 0.2333E+00 0.2252E+00 0.2268E+00 0.2275E+00 0.2292E+00 0.2410E+00 0.2354E+00 0.2493E+00 0.2208E+00 0.2460E+00 0.2293E+00 0.2372E+00 0.2285E+00 0.2355E+00 0.2465E+00 0.2190E+00
0.1830E+00 0.2134E+00 0.2535E+00 0.2273E+00 0.2483E+00 0.2508E+00 0.2505E+00 0.2316E+00 0.2479E+00 0.2384E+00 0.2529E+00 0.2197E+00 0.2202E+00 0.2146E+00 0.2496E+00 0.2141E+00 0.2473E+00 0.2162E+00 0.2447E+00 0.2208E+00 0.2470E+00 0.2190E+00
0.1942E+00 0.2292E+00 0.2272E+00 0.2291E+00 0.2458E+00 0.2146E+00 0.2547E+00 0.2185E+00 0.2151E+00 0.2236E+00 0.2294E+00 0.2272E+00 0.2374E+00 0.2519E+00 0.2489E+00 0.2142E+00 0.2362E+00 0.2504E+00 0.2365E+00 0.2370E+00 0.2336E+00 0.2039E+00
0.2179E+00 0.2498E+00 0.2490E+00 0.2503E+00 0.2494E+00 0.2472E+00 0.2511E+00 0.2248E+00 0.2473E+00 0.2382E+00 0.2451E+00 0.2385E+00 0.2479E+00 0.2114E+00 0.2489E+00 0.2452E+00 0.2329E+00 0.2262E+00 0.2364E+00 0.2460E+00 0.2100E+00 0.1830E+00
0.1870E+00 0.2175E+00 0.2275E+00 0.2441E+00 0.2469E+00 0.2416E+00 0.2521E+00 0.2455E+00 0.2259E+00 0.2122E+00 0.2313E+00 0.2301E+00 0.2229E+00 0.2257E+00 0.2506E+00 0.2561E+00 0.2303E+00 0.2384E+00 0.2380E+00 0.2356E+00 0.2474E+00 0.2190E+00
0.1830E+00 0.2134E+00 0.2145E+00 0.2085E+00 0.2467E+00 0.2174E+00 0.2174E+00 0.2298E+00 0.2397E+00 0.2532E+00 0.2518E+00 0.2443E+00 0.2501E+00 0.2459E+00 0.2142E+00 0.2583E+00 0.2292E+00 0.2449E+00 0.2266E+00 0.2461E+00 0.2113E+00 0.1830E+00
0.2190E+00 0.2498E+00 0.2200E+00 0.2344E+00 0.2393E+00 0.2439E+00 0.2560E+00 0.2501E+00 0.2306E+00 0.2399E+00 0.2472E+00 0.2381E+00 0.2381E+00 0.2521E+00 0.2317E+00 0.2557E+00 0.2353E+00 0.2441E+00 0.2180E+00 0.2222E+00 0.2334E+00 0.2060E+00
0.1913E+00 0.2192E+00 0.2208E+00 0.2310E+00 0.2111E+00 0.2467E+00 0.2447E+00 0.2380E+00 0.2471E+00 0.2519E+00 0.2481E+00 0.2102E+00 0.2489E+00 0.2270E+00 0.2287E+00 0.2244E+00 0.2433E+00 0.2121E+00 0.2478E+00 0.2166E+00 0.2493E+00 0.2190E+00
0.1898E+00 0.2211E+00 0.2335E+00 0.2146E+00 0.2145E+00 0.2471E+00 0.2376E+00 0.2303E+00 0.2199E+00 0.2484E+00 0.2245E+00 0.2448E+00 0.2372E+00 0.2159E+00 0.2176E+00 0.2234E+00 0.2124E+00 0.2118E+00 0.2216E+00 0.2524E+00 0.2301E+00 0.2014E+00
0.1978E+00 0.2276E+00 0.2487E+00 0.2492E+00 0.2461E+00 0.2210E+00 0.2501E+00 0.2186E+00 0.2200E+00 0.2487E+00 0.2145E+00 0.2177E+00 0.2423E+00 0.2516E+00 0.2391E+00 0.2515E+00 0.2118E+00 0.2138E+00 0.2266E+00 0.2156E+00 0.2452E+00 0.2190E+00
0.1830E+00 0.2128E+00 0.2540E+00 0.2135E+00 0.2431E+00 0.2141E+00 0.2146E+00 0.2390E+00 0.2163E+00 0.2222E+00 0.2455E+00 0.2386E+00 0.2142E+00 0.2514E+00 0.2142E+00 0.2097E+00 0.2351E+00 0.2253E+00 0.2145E+00 0.2360E+00 0.2169E+00 0.1906E+00
0.2168E+00 0.2489E+00 0.2201E+00 0.2358E+00 0.2436E+00 0.2320E+00 0.2390E+00 0.2242E+00 0.2488E+00 0.2314E+00 0.2499E+00 0.2404E+00 0.2502E+00 0.2179E+00 0.2355E+00 0.2395E+00 0.2186E+00 0.2184E+00 0.2145E+00 0.2167E+00 0.2354E+00 0.2093E+00
0.1931E+00 0.2235E+00 0.2400E+00 0.2187E+00 0.2188E+00 0.2463E+00 0.2360E+00 0.2503E+00 0.2311E+00 0.2530E+00 0.2400E+00 0.2486E+00 0.2405E+00 0.2494E+00 0.2544E+00 0.2424E+00 0.2411E+00 0.2519E+00 0.2498E+00 0.2436E+00 0.2475E+00 0.2190E+00
-.9999E+04 -.9999E+04 -.9999E+04 -.9999E+04 -.9999E+04 -.9999E+04 -.9999E+04 -.9999E+04 -.9999E+04 -.9999E+04 -.9999E+04 -.9999E+04 -.9999E+04 -.9999E+04 -.9999E+04 -.9999E+04 -.9999E+04 -.9999E+04 -.9999E+04 -.9999E+04 -.9999E+04 -.9999E+04
