Output/theta005.asc
ncols     22
nrows     62
xllcorner      0.00000000
yllcorner      0.00000000
cellsize      0.50000000
nodata_value -9999
0.2500E+00 0.2500E+00 0.2500E+00 0.2500E+00 0.2500E+00 0.2500E+00 0.2500E+00 0.2500E+00 0.2500E+00 0.2500E+00 0.2500E+00 0.2500E+00 0.2500E+00 0.2500E+00 0.2500E+00 0.2500E+00 0.2500E+00 0.2500E+00 0.2500E+00 0.2500E+00 0.2500E+00 0.2500E+00
0.2500E+00 0.2778E+00 0.2782E+00 0.2807E+00 0.2806E+00 0.2789E+00 0.2807E+00 0.2808E+00 0.2785E+00 0.2796E+00 0.2804E+00 0.2806E+00 0.2805E+00 0.2806E+00 0.2808E+00 0.2807E+00 0.2798E+00 0.2808E+00 0.2803E+00 0.2775E+00 0.2742E+00 0.2500E+00
0.2500E+00 0.2767E+00 0.2808E+00 0.2805E+00 0.2805E+00 0.2796E+00 0.2804E+00 0.2800E+00 0.2805E+00 0.2806E+00 0.2780E+00 0.2796E+00 0.2775E+00 0.2790E+00 0.2809E+00 0.2807E+00 0.2810E+00 0.2786E+00 0.2762E+00 0.2808E+00 0.2809E+00 0.2500E+00
0.2500E+00 0.2808E+00 0.2742E+00 0.2806E+00 0.2791E+00 0.2793E+00 0.2808E+00 0.2799E+00 0.2805E+00 0.2805E+00 0.2808E+00 0.2809E+00 0.2806E+00 0.2808E+00 0.2785E+00 0.2801E+00 0.2799E+00 0.2809E+00 0.2787E+00 0.2772E+00 0.2788E+00 0.2500E+00
0.2500E+00 0.2803E+00 0.2798E+00 0.2792E+00 0.2804E+00 0.2778E+00 0.2803E+00 0.2806E+00 0.2798E+00 0.2790E+00 0.2804E+00 0.2808E+00 0.2792E+00 0.2786E+00 0.2806E+00 0.2811E+00 0.2808E+00 0.2809E+00 0.2761E+00 0.2754E+00 0.2807E+00 0.2500E+00
0.2500E+00 0.2800E+00 0.2801E+00 0.2797E+00 0.2806E+00 0.2797E+00 0.2801E+00 0.2799E+00 0.2804E+00 0.2804E+00 0.2798E+00 0.2807E+00 0.2807E+00 0.2809E+00 0.2810E+00 0.2769E+00 0.2804E+00 0.2805E+00 0.2789E+00 0.2808E+00 0.2799E+00 0.2500E+00
0.2500E+00 0.2794E+00 0.2803E+00 0.2801E+00 0.2800E+00 0.2795E+00 0.2795E+00 0.2810E+00 0.2795E+00 0.2805E+00 0.2795E+00 0.2804E+00 0.2792E+00 0.2807E+00 0.2807E+00 0.2781E+00 0.2775E+00 0.2810E+00 0.2808E+00 0.2807E+00 0.2799E+00 0.2500E+00
0.2500E+00 0.2805E+00 0.2805E+00 0.2790E+00 0.2804E+00 0.2777E+00 0.2790E+00 0.2806E+00 0.2805E+00 0.2808E+00 0.2796E+00 0.2807E+00 0.2806E+00 0.2800E+00 0.2799E+00 0.2786E+00 0.2779E+00 0.2803E+00 0.2758E+00 0.2785E+00 0.2809E+00 0.2500E+00
0.2500E+00 0.2790E+00 0.2766E+00 0.2801E+00 0.2767E+00 0.2778E+00 0.2790E+00 0.2792E+00 0.2808E+00 0.2807E+00 0.2806E+00 0.2807E+00 0.2807E+00 0.2807E+00 0.2788E+00 0.2791E+00 0.2788E+00 0.2789E+00 0.2781E+00 0.2799E+00 0.2789E+00 0.2500E+00
0.2500E+00 0.2807E+00 0.2801E+00 0.2803E+00 0.2787E+00 0.2798E+00 0.2793E+00 0.2803E+00 0.2807E+00 0.2807E+00 0.2806E+00 0.2806E+00 0.2808E+00 0.2801E+00 0.2798E+00 0.2794E+00 0.2799E+00 0.2780E+00 0.2774E+00 0.2790E+00 0.2808E+00 0.2500E+00
0.2500E+00 0.2777E+00 0.2793E+00 0.2806E+00 0.2777E+00 0.2792E+00 0.2802E+00 0.2807E+00 0.2800E+00 0.2808E+00 0.2794E+00 0.2807E+00 0.2788E+00 0.2807E+00 0.2809E+00 0.2784E+00 0.2810E+00 0.2800E+00 0.2774E+00 0.2786E+00 0.2806E+00 0.2500E+00
0.2500E+00 0.2799E+00 0.2785E+00 0.2803E+00 0.2802E+00 0.2806E+00 0.2798E+00 0.2808E+00 0.2797E+00 0.2799E+00 0.2799E+00 0.2798E+00 0.2797E+00 0.2794E+00 0.2799E+00 0.2781E+00 0.2790E+00 0.2787E+00 0.2787E+00 0.2786E+00 0.2789E+00 0.2500E+00
0.2500E+00 0.2801E+00 0.2729E+00 0.2768E+00 0.2791E+00 0.2785E+00 0.2805E+00 0.2796E+00 0.2810E+00 0.2767E+00 0.2785E+00 0.2795E+00 0.2796E+00 0.2784E+00 0.2808E+00 0.2809E+00 0.2795E+00 0.2805E+00 0.2806E+00 0.2806E+00 0.2802E+00 0.2500E+00
0.2500E+00 0.2784E+00 0.2797E+00 0.2804E+00 0.2783E+00 0.2810E+00 0.2797E+00 0.2800E+00 0.2787E+00 0.2796E+00 0.2801E+00 0.2797E+00 0.2801E+00 0.2799E+00 0.2805E+00 0.2805E+00 0.2794E+00 0.2802E+00 0.2779E+00 0.2796E+00 0.2799E+00 0.2500E+00
0.2500E+00 0.2781E+00 0.2795E+00 0.2778E+00 0.2746E+00 0.2757E+00 0.2796E+00 0.2809E+00 0.2809E+00 0.2809E+00 0.2802E+00 0.2803E+00 0.2790E+00 0.2806E+00 0.2798E+00 0.2809E+00 0.2797E+00 0.2804E+00 0.2784E+00 0.2787E+00 0.2798E+00 0.2500E+00
0.2500E+00 0.2787E+00 0.2803E+00 0.2791E+00 0.2794E+00 0.2798E+00 0.2792E+00 0.2799E+00 0.2787E+00 0.2797E+00 0.2809E+00 0.2799E+00 0.2787E+00 0.2802E+00 0.2803E+00 0.2795E+00 0.2805E+00 0.2797E+00 0.2788E+00 0.2804E+00 0.2795E+00 0.2500E+00
0.2500E+00 0.2807E+00 0.2774E+00 0.2808E+00 0.2785E+00 0.2792E+00 0.2779E+00 0.2794E+00 0.2782E+00 0.2778E+00 0.2777E+00 0.2805E+00 0.2808E+00 0.2808E+00 0.2791E+00 0.2810E+00 0.2787E+00 0.2807E+00 0.2801E+00 0.2805E+00 0.2799E+00 0.2500E+00
0.2500E+00 0.2763E+00 0.2774E+00 0.2753E+00 0.2738E+00 0.2788E+00 0.2779E+00 0.2794E+00 0.2764E+00 0.2768E+00 0.2737E+00 0.2795E+00 0.2780E+00 0.2802E+00 0.2808E+00 0.2791E+00 0.2787E+00 0.2780E+00 0.2801E+00 0.2807E+00 0.2800E+00 0.2500E+00
0.2500E+00 0.2756E+00 0.2804E+00 0.2799E+00 0.2733E+00 0.2790E+00 0.2777E+00 0.2767E+00 0.2798E+00 0.2767E+00 0.2791E+00 0.2796E+00 0.2800E+00 0.2805E+00 0.2804E+00 0.2812E+00 0.2769E+00 0.2742E+00 0.2769E+00 0.2809E+00 0.2808E+00 0.2500E+00
0.2500E+00 0.2779E+00 0.2788E+00 0.2784E+00 0.2756E+00 0.2756E+00 0.2777E+00 0.2756E+00 0.2810E+00 0.2759E+00 0.2757E+00 0.2802E+00 0.2778E+00 0.2774E+00 0.2759E+00 0.2777E+00 0.2725E+00 0.2729E+00 0.2806E+00 0.2809E+00 0.2784E+00 0.2500E+00
0.2500E+00 0.2772E+00 0.2797E+00 0.2794E+00 0.2798E+00 0.2749E+00 0.2766E+00 0.2771E+00 0.2785E+00 0.2754E+00 0.2760E+00 0.2802E+00 0.2796E+00 0.2796E+00 0.2785E+00 0.2763E+00 0.2801E+00 0.2807E+00 0.2793E+00 0.2774E+00 0.2753E+00 0.2500E+00
0.2500E+00 0.2791E+00 0.2802E+00 0.2797E+00 0.2790E+00 0.2784E+00 0.2786E+00 0.2791E+00 0.2798E+00 0.2785E+00 0.2776E+00 0.2796E+00 0.2785E+00 0.2798E+00 0.2807E+00 0.2802E+00 0.2769E+00 0.2800E+00 0.2761E+00 0.2780E+00 0.2761E+00 0.2500E+00
0.2500E+00 0.2806E+00 0.2804E+00 0.2797E+00 0.2792E+00 0.2761E+00 0.2798E+00 0.2810E+00 0.2796E+00 0.2797E+00 0.2785E+00 0.2805E+00 0.2807E+00 0.2771E+00 0.2809E+00 0.2781E+00 0.2780E+00 0.2769E+00 0.2764E+00 0.2805E+00 0.2772E+00 0.2500E+00
0.2500E+00 0.2772E+00 0.2781E+00 0.2767E+00 0.2796E+00 0.2799E+00 0.2805E+00 0.2799E+00 0.2805E+00 0.2798E+00 0.2799E+00 0.2798E+00 0.2806E+00 0.2809E+00 0.2804E+00 0.2803E+00 0.2797E+00 0.2785E+00 0.2773E+00 0.2760E+00 0.2779E+00 0.2500E+00
0.2500E+00 0.2766E+00 0.2767E+00 0.2771E+00 0.2804E+00 0.2805E+00 0.2808E+00 0.2799E+00 0.2810E+00 0.2806E+00 0.2807E+00 0.2810E+00 0.2804E+00 0.2807E+00 0.2800E+00 0.2792E+00 0.2797E+00 0.2774E+00 0.2792E+00 0.2774E+00 0.2792E+00 0.2500E+00
0.2500E+00 0.2794E+00 0.2785E+00 0.2808E+00 0.2789E+00 0.2780E+00 0.2799E+00 0.2806E+00 0.2807E+00 0.2802E+00 0.2799E+00 0.2799E+00 0.2799E+00 0.2790E+00 0.2807E+00 0.2807E+00 0.2788E+00 0.2797E+00 0.2785E+00 0.2792E+00 0.2797E+00 0.2500E+00
0.2500E+00 0.2804E+00 0.2769E+00 0.2767E+00 0.2807E+00 0.2758E+00 0.2784E+00 0.2797E+00 0.2806E+00 0.2802E+00 0.2807E+00 0.2803E+00 0.2799E+00 0.2789E+00 0.2805E+00 0.2785E+00 0.2792E+00 0.2798E+00 0.2786E+00 0.2787E+00 0.2798E+00 0.2500E+00
0.2500E+00 0.2775E+00 0.2790E+00 0.2792E+00 0.2801E+00 0.2756E+00 0.2805E+00 0.2796E+00 0.2792E+00 0.2798E+00 0.2807E+00 0.2786E+00 0.2786E+00 0.2804E+00 0.2805E+00 0.2804E+00 0.2799E+00 0.2800E+00 0.2792E+00 0.2795E+00 0.2799E+00 0.2500E+00
0.2500E+00 0.2743E+00 0.2806E+00 0.2755E+00 0.2784E+00 0.2769E+00 0.2791E+00 0.2802E+00 0.2783E+00 0.2800E+00 0.2791E+00 0.2789E+00 0.2741E+00 0.2786E+00 0.2807E+00 0.2806E+00 0.2805E+00 0.2796E+00 0.2800E+00 0.2786E+00 0.2785E+00 0.2500E+00
0.2500E+00 0.2803E+00 0.2800E+00 0.2808E+00 0.2787E+00 0.2787E+00 0.2757E+00 0.2811E+00 0.2799E+00 0.2811E+00 0.2803E+00 0.2801E+00 0.2764E+00 0.2771E+00 0.2787E+00 0.2748E+00 0.2782E+00 0.2801E+00 0.2803E+00 0.2806E+00 0.2783E+00 0.2500E+00
0.2500E+00 0.2771E+00 0.2809E+00 0.2793E+00 0.2805E+00 0.2794E+00 0.2766E+00 0.2787E+00 0.2807E+00 0.2768E+00 0.2797E+00 0.2805E+00 0.2796E+00 0.2797E+00 0.2788E+00 0.2740E+00 0.2773E+00 0.2792E+00 0.2802E+00 0.2792E+00 0.2786E+00 0.2500E+00
0.2500E+00 0.2795E+00 0.2802E+00 0.2786E+00 0.2765E+00 0.2748E+00 0.2762E+00 0.2807E+00 0.2766E+00 0.2782E+00 0.2783E+00 0.2784E+00 0.2794E+00 0.2778E+00 0.2808E+00 0.2784E+00 0.2762E+00 0.2788E+00 0.2798E+00 0.2800E+00 0.2793E+00 0.2500E+00
0.2500E+00 0.2807E+00 0.2804E+00 0.2783E+00 0.2807E+00 0.2782E+00 0.2808E+00 0.2806E+00 0.2775E+00 0.2795E+00 0.2783E+00 0.2781E+00 0.2799E+00 0.2789E+00 0.2809E+00 0.2781E+00 0.2757E+00 0.2788E+00 0.2787E+00 0.2799E+00 0.2800E+00 0.2500E+00
0.2500E+00 0.2799E+00 0.2806E+00 0.2783E+00 0.2801E+00 0.2792E+00 0.2796E+00 0.2790E+00 0.2749E+00 0.2771E+00 0.2783E+00 0.2802E+00 0.2806E+00 0.2806E+00 0.2795E+00 0.2797E+00 0.2798E+00 0.2794E+00 0.2793E+00 0.2798E+00 0.2773E+00 0.2500E+00
0.2500E+00 0.2787E+00 0.2803E+00 0.2808E+00 0.2754E+00 0.2792E+00 0.2810E+00 0.2784E+00 0.2763E+00 0.2784E+00 0.2808E+00 0.2802E+00 0.2778E+00 0.2803E+00 0.2794E+00 0.2805E+00 0.2798E+00 0.2791E+00 0.2799E+00 0.2806E+00 0.2788E+00 0.2500E+00
0.2500E+00 0.2790E+00 0.2808E+00 0.2784E+00 0.2759E+00 0.2792E+00 0.2778E+00 0.2791E+00 0.2779E+00 0.2772E+00 0.2796E+00 0.2803E+00 0.2774E+00 0.2783E+00 0.2804E+00 0.2809E+00 0.2807E+00 0.2796E+00 0.2800E+00 0.2805E+00 0.2801E+00 0.2500E+00
0.2500E+00 0.2808E+00 0.2809E+00 0.2787E+00 0.2776E+00 0.2796E+00 0.2774E+00 0.2805E+00 0.2787E+00 0.2772E+00 0.2788E+00 0.2782E+00 0.2761E+00 0.2759E+00 0.2809E+00 0.2775E+00 0.2806E+00 0.2798E+00 0.2798E+00 0.2808E+00 0.2807E+00 0.2500E+00
0.2500E+00 0.2808E+00 0.2809E+00 0.2796E+00 0.2805E+00 0.2798E+00 0.2780E+00 0.2796E+00 0.2806E+00 0.2799E+00 0.2802E+00 0.2784E+00 0.2801E+00 0.2770E+00 0.2778E+00 0.2798E+00 0.2803E+00 0.2809E+00 0.2808E+00 0.2765E+00 0.2777E+00 0.2500E+00
0.2500E+00 0.2806E+00 0.2789E+00 0.2806E+00 0.2803E+00 0.2760E+00 0.2769E+00 0.2789E+00 0.2794E+00 0.2792E+00 0.2787E+00 0.2787E+00 0.2776E+00 0.2787E+00 0.2810E+00 0.2800E+00 0.2806E+00 0.2801E+00 0.2798E+00 0.2782E+00 0.2769E+00 0.2500E+00
0.2500E+00 0.2794E+00 0.2792E+00 0.2808E+00 0.2761E+00 0.2775E+00 0.2755E+00 0.2789E+00 0.2804E+00 0.2802E+00 0.2797E+00 0.2773E+00 0.2784E+00 0.2795E+00 0.2792E+00 0.2747E+00 0.2809E+00 0.2806E+00 0.2791E+00 0.2804E+00 0.2760E+00 0.2500E+00
0.2500E+00 0.2792E+00 0.2798E+00 0.2808E+00 0.2803E+00 0.2804E+00 0.2777E+00 0.2799E+00 0.2791E+00 0.2784E+00 0.2809E+00 0.2777E+00 0.2768E+00 0.2795E+00 0.2783E+00 0.2745E+00 0.2743E+00 0.2764E+00 0.2778E+00 0.2776E+00 0.2790E+00 0.2500E+00
0.2500E+00 0.2807E+00 0.2765E+00 0.2790E+00 0.2808E+00 0.2780E+00 0.2733E+00 0.2800E+00 0.2786E+00 0.2781E+00 0.2763E+00 0.2801E+00 0.2778E+00 0.2799E+00 0.2782E+00 0.2802E+00 0.2799E+00 0.2759E+00 0.2779E+00 0.2796E+00 0.2788E+00 0.2500E+00
0.2500E+00 0.2807E+00 0.2794E+00 0.2803E+00 0.2777E+00 0.2772E+00 0.2783E+00 0.2803E+00 0.2809E+00 0.2808E+00 0.2797E+00 0.2794E+00 0.2804E+00 0.2802E+00 0.2802E+00 0.2789E+00 0.2781E+00 0.2762E+00 0.2798E+00 0.2783E+00 0.2783E+00 0.2500E+00
0.2500E+00 0.2786E+00 0.2806E+00 0.2741E+00 0.2808E+00 0.2809E+00 0.2800E+00 0.2777E+00 0.2807E+00 0.2790E+00 0.2767E+00 0.2772E+00 0.2737E+00 0.2737E+00 0.2806E+00 0.2803E+00 0.2787E+00 0.2758E+00 0.2778E+00 0.2799E+00 0.2795E+00 0.2500E+00
0.2500E+00 0.2808E+00 0.2794E+00 0.2776E+00 0.2740E+00 0.2785E+00 0.2770E+00 0.2796E+00 0.2809E+00 0.2790E+00 0.2783E+00 0.2733E+00 0.2760E+00 0.2743E+00 0.2784E+00 0.2805E+00 0.2785E+00 0.2801E+00 0.2783E+00 0.2796E+00 0.2798E+00 0.2500E+00
0.2500E+00 0.2790E+00 0.2784E+00 0.2794E+00 0.2747E+00 0.2784E+00 0.2794E+00 0.2809E+00 0.2808E+00 0.2807E+00 0.2792E+00 0.2728E+00 0.2809E+00 0.2753E+00 0.2784E+00 0.2786E+00 0.2805E+00 0.2777E+00 0.2776E+00 0.2799E+00 0.2800E+00 0.2500E+00
0.2500E+00 0.2784E+00 0.2779E+00 0.2799E+00 0.2796E+00 0.2794E+00 0.2797E+00 0.2804E+00 0.2798E+00 0.2807E+00 0.2781E+00 0.2753E+00 0.2799E+00 0.2749E+00 0.2778E+00 0.2779E+00 0.2771E+00 0.2810E+00 0.2810E+00 0.2789E+00 0.2778E+00 0.2500E+00
0.2500E+00 0.2790E+00 0.2776E+00 0.2748E+00 0.2754E+00 0.2795E+00 0.2807E+00 0.2802E+00 0.2805E+00 0.2802E+00 0.2810E+00 0.2807E+00 0.2804E+00 0.2779E+00 0.2804E+00 0.2805E+00 0.2778E+00 0.2772E+00 0.2796E+00 0.2806E+00 0.2806E+00 0.2500E+00
0.2500E+00 0.2787E+00 0.2789E+00 0.2757E+00 0.2782E+00 0.2790E+00 0.2773E+00 0.2806E+00 0.2799E+00 0.2799E+00 0.2781E+00 0.2794E+00 0.2793E+00 0.2737E+00 0.2795E+00 0.2772E+00 0.2800E+00 0.2798E+00 0.2790E+00 0.2798E+00 0.2788E+00 0.2500E+00
0.2500E+00 0.2806E+00 0.2763E+00 0.2786E+00 0.2744E+00 0.2737E+00 0.2736E+00 0.2793E+00 0.2758E+00 0.2773E+00 0.2754E+00 0.2802E+00 0.2805E+00 0.2800E+00 0.2751E+00 0.2798E+00 0.2782E+00 0.2795E+00 0.2748E+00 0.2805E+00 0.2786E+00 0.2500E+00
0.2500E+00 0.2798E+00 0.2782E+00 0.2777E+00 0.2785E+00 0.2805E+00 0.2782E+00 0.2798E+00 0.2808E+00 0.2786E+00 0.2788E+00 0.2797E+00 0.2774E+00 0.2742E+00 0.2737E+00 0.2805E+00 0.2782E+00 0.2761E+00 0.2776E+00 0.2780E+00 0.2775E+00 0.2500E+00
0.2500E+00 0.2742E+00 0.2717E+00 0.2725E+00 0.2715E+00 0.2697E+00 0.2758E+00 0.2805E+00 0.2775E+00 0.2786E+00 0.2782E+00 0.2801E+00 0.2787E+00 0.2806E+00 0.2749E+00 0.2723E+00 0.2774E+00 0.2797E+00 0.2784E+00 0.2780E+00 0.2810E+00 0.2500E+00
0.2500E+00 0.2807E+00 0.2789E+00 0.2750E+00 0.2724E+00 0.2732E+00 0.2791E+00 0.2791E+00 0.2792E+00 0.2806E+00 0.2803E+00 0.2800E+00 0.2797E+00 0.2779E+00 0.2744E+00 0.2731E+00 0.2783E+00 0.2785E+00 0.2789E+00 0.2788E+00 0.2762E+00 0.2500E+00
0.2500E+00 0.2807E+00 0.2803E+00 0.2806E+00 0.2748E+00 0.2791E+00 0.2807E+00 0.2790E+00 0.2798E+00 0.2757E+00 0.2766E+00 0.2765E+00 0.2774E+00 0.2716E+00 0.2807E+00 0.2726E+00 0.2772E+00 0.2769E+00 0.2790E+00 0.2790E+00 0.2803E+00 0.2500E+00
0.2500E+00 0.2772E+00 0.2803E+00 0.2802E+00 0.2777E+00 0.2785E+00 0.2768E+00 0.2781E+00 0.2801E+00 0.2743E+00 0.2743E+00 0.2759E+00 0.2781E+00 0.2771E+00 0.2762E+00 0.2748E+00 0.2777E+00 0.2777E+00 0.2799E+00 0.2807E+00 0.2783E+00 0.2500E+00
0.2500E+00 0.2791E+00 0.2792E+00 0.2802E+00 0.2808E+00 0.2794E+00 0.2786E+00 0.2794E+00 0.2776E+00 0.2699E+00 0.2774E+00 0.2806E+00 0.2765E+00 0.2795E+00 0.2787E+00 0.2796E+00 0.2788E+00 0.2805E+00 0.2786E+00 0.2809E+00 0.2780E+00 0.2500E+00
0.2500E+00 0.2805E+00 0.2802E+00 0.2806E+00 0.2809E+00 0.2791E+00 0.2799E+00 0.2803E+00 0.2797E+00 0.2708E+00 0.2798E+00 0.2772E+00 0.2769E+00 0.2808E+00 0.2788E+00 0.2791E+00 0.2808E+00 0.2806E+00 0.2805E+00 0.2784E+00 0.2788E+00 0.2500E+00
0.2500E+00 0.2801E+00 0.2786E+00 0.2774E+00 0.2747E+00 0.2803E+00 0.2795E+00 0.2807E+00 0.2805E+00 0.2737E+00 0.2804E+00 0.2797E+00 0.2775E+00 0.2763E+00 0.2757E+00 0.2777E+00 0.2810E+00 0.2807E+00 0.2802E+00 0.2798E+00 0.2777E+00 0.2500E+00
0.2500E+00 0.2807E+00 0.2776E+00 0.2807E+00 0.2759E+00 0.2808E+00 0.2809E+00 0.2796E+00 0.2802E+00 0.2795E+00 0.2791E+00 0.2798E+00 0.2805E+00 0.2778E+00 0.2809E+00 0.2808E+00 0.2802E+00 0.2792E+00 0.2810E+00 0.2803E+00 0.2803E+00 0.2500E+00
0.2500E+00 0.2791E+00 0.2802E+00 0.2802E+00 0.2750E+00 0.2786E+00 0.2797E+00 0.2802E+00 0.2793E+00 0.2787E+00 0.2799E+00 0.2805E+00 0.2802E+00 0.2804E+00 0.2772E+00 0.2803E+00 0.2806E+00 0.2790E+00 0.2809E+00 0.2806E+00 0.2801E+00 0.2500E+00
0.2500E+00 0.2800E+00 0.2793E+00 0.2808E+00 0.2796E+00 0.2782E+00 0.2799E+00 0.2797E+00 0.2802E+00 0.2783E+00 0.2800E+00 0.2799E+00 0.2806E+00 0.2803E+00 0.2744E+00 0.2806E+00 0.2800E+00 0.2774E+00 0.2773E+00 0.2802E+00 0.2794E+00 0.2500E+00
-.9999E+04 -.9999E+04 -.9999E+04 -.9999E+04 -.9999E+04 -.9999E+04 -.9999E+04 -.9999E+04 -.9999E+04 -.9999E+04 -.9999E+04 -.9999E+04 -.9999E+04 -.9999E+04 -.9999E+04 -.9999E+04 -.9999E+04 -.9999E+04 -.9999E+04 -.9999E+04 -.9999E+04 -.9999E+04
