Output/veloc002.asc
ncols     22
nrows     62
xllcorner      0.00000000
yllcorner      0.00000000
cellsize      0.50000000
nodata_value -9999
0.0000E+00 0.0000E+00 0.0000E+00 0.0000E+00 0.0000E+00 0.0000E+00 0.0000E+00 0.0000E+00 0.0000E+00 0.0000E+00 0.0000E+00 0.0000E+00 0.0000E+00 0.0000E+00 0.0000E+00 0.0000E+00 0.0000E+00 0.0000E+00 0.0000E+00 0.0000E+00 0.0000E+00 0.0000E+00
0.0000E+00 0.3424E+01 0.3325E+01 0.2178E+01 0.2734E+01 0.3337E+01 0.2446E+01 0.3205E+01 0.3355E+01 0.2955E+01 0.2515E+01 0.2934E+01 0.2666E+01 0.2617E+01 0.2713E+01 0.1650E+01 0.2447E+01 0.2572E+01 0.3047E+01 0.3536E+01 0.3765E+01 0.0000E+00
0.0000E+00 0.5537E+01 0.4927E+01 0.3722E+01 0.3985E+01 0.4162E+01 0.2817E+01 0.4277E+01 0.4562E+01 0.4248E+01 0.4327E+01 0.3532E+01 0.3897E+01 0.3919E+01 0.2965E+01 0.3144E+01 0.4070E+01 0.3776E+01 0.4523E+01 0.4760E+01 0.4761E+01 0.0000E+00
0.0000E+00 0.6889E+01 0.5747E+01 0.4316E+01 0.4516E+01 0.5877E+01 0.3904E+01 0.3802E+01 0.4326E+01 0.4804E+01 0.5062E+01 0.4107E+01 0.4898E+01 0.4420E+01 0.4595E+01 0.4984E+01 0.5544E+01 0.5370E+01 0.5358E+01 0.5319E+01 0.6212E+01 0.0000E+00
0.0000E+00 0.7262E+01 0.7558E+01 0.5074E+01 0.5644E+01 0.6907E+01 0.4705E+01 0.5690E+01 0.5812E+01 0.5161E+01 0.6050E+01 0.6153E+01 0.6380E+01 0.4979E+01 0.5632E+01 0.5578E+01 0.6078E+01 0.5170E+01 0.4419E+01 0.5816E+01 0.7578E+01 0.0000E+00
0.0000E+00 0.7037E+01 0.8110E+01 0.6312E+01 0.6316E+01 0.7526E+01 0.5703E+01 0.6629E+01 0.6574E+01 0.6868E+01 0.6440E+01 0.5823E+01 0.7751E+01 0.7252E+01 0.5968E+01 0.4998E+01 0.5847E+01 0.6162E+01 0.8328E+01 0.8795E+01 0.8525E+01 0.0000E+00
0.0000E+00 0.8703E+01 0.9127E+01 0.7449E+01 0.7003E+01 0.8017E+01 0.6495E+01 0.6061E+01 0.6594E+01 0.6959E+01 0.6351E+01 0.5044E+01 0.7059E+01 0.7655E+01 0.6692E+01 0.5592E+01 0.4935E+01 0.6491E+01 0.9399E+01 0.7896E+01 0.6497E+01 0.0000E+00
0.0000E+00 0.6718E+01 0.9052E+01 0.6460E+01 0.6333E+01 0.8068E+01 0.6880E+01 0.7807E+01 0.6694E+01 0.6177E+01 0.7978E+01 0.6620E+01 0.7226E+01 0.6914E+01 0.6473E+01 0.6880E+01 0.5318E+01 0.6225E+01 0.7894E+01 0.6406E+01 0.6981E+01 0.0000E+00
0.0000E+00 0.1014E+02 0.7746E+01 0.6157E+01 0.7214E+01 0.7926E+01 0.4125E+01 0.6672E+01 0.8149E+01 0.6695E+01 0.5820E+01 0.6546E+01 0.8057E+01 0.5657E+01 0.4763E+01 0.6684E+01 0.6989E+01 0.5332E+01 0.7851E+01 0.8222E+01 0.7389E+01 0.0000E+00
0.0000E+00 0.1066E+02 0.9986E+01 0.8770E+01 0.8839E+01 0.8343E+01 0.6726E+01 0.7135E+01 0.8822E+01 0.8057E+01 0.7846E+01 0.7834E+01 0.9062E+01 0.6986E+01 0.6605E+01 0.7916E+01 0.7311E+01 0.5489E+01 0.7639E+01 0.8266E+01 0.7191E+01 0.0000E+00
0.0000E+00 0.6164E+01 0.1054E+02 0.8900E+01 0.7069E+01 0.9747E+01 0.9607E+01 0.7744E+01 0.6554E+01 0.6631E+01 0.8227E+01 0.6552E+01 0.6571E+01 0.7420E+01 0.7829E+01 0.8442E+01 0.7247E+01 0.7535E+01 0.1008E+02 0.8403E+01 0.6768E+01 0.0000E+00
0.0000E+00 0.7294E+01 0.8409E+01 0.7366E+01 0.8147E+01 0.9321E+01 0.8372E+01 0.7952E+01 0.5663E+01 0.7515E+01 0.8009E+01 0.4410E+01 0.5580E+01 0.7209E+01 0.6343E+01 0.6715E+01 0.7801E+01 0.6680E+01 0.8167E+01 0.7029E+01 0.6474E+01 0.0000E+00
0.0000E+00 0.1034E+02 0.1053E+02 0.7120E+01 0.8668E+01 0.1048E+02 0.8061E+01 0.7955E+01 0.8325E+01 0.6763E+01 0.7512E+01 0.5205E+01 0.5954E+01 0.6466E+01 0.7756E+01 0.9105E+01 0.5561E+01 0.5155E+01 0.9019E+01 0.9254E+01 0.7095E+01 0.0000E+00
0.0000E+00 0.7423E+01 0.8164E+01 0.8845E+01 0.9615E+01 0.9263E+01 0.9449E+01 0.9740E+01 0.5536E+01 0.5442E+01 0.3625E+01 0.6342E+01 0.7801E+01 0.8161E+01 0.8103E+01 0.9655E+01 0.9823E+01 0.7870E+01 0.9768E+01 0.8771E+01 0.7004E+01 0.0000E+00
0.0000E+00 0.9573E+01 0.7219E+01 0.8632E+01 0.9368E+01 0.8609E+01 0.8600E+01 0.9728E+01 0.2591E+01 0.2757E+01 0.1207E+02 0.8419E+01 0.8249E+01 0.6149E+01 0.6713E+01 0.8631E+01 0.1039E+02 0.9317E+01 0.9920E+01 0.7568E+01 0.8302E+01 0.0000E+00
0.0000E+00 0.1061E+02 0.1280E+02 0.9434E+01 0.1069E+02 0.1076E+02 0.7239E+01 0.9675E+01 0.4671E+01 0.4408E+01 0.1256E+02 0.7632E+01 0.7571E+01 0.6514E+01 0.5415E+01 0.6309E+01 0.7397E+01 0.7301E+01 0.9020E+01 0.8689E+01 0.7829E+01 0.0000E+00
0.0000E+00 0.1028E+02 0.1400E+02 0.1099E+02 0.1089E+02 0.9995E+01 0.9718E+01 0.1247E+02 0.5263E+01 0.5137E+01 0.1144E+02 0.8578E+01 0.9826E+01 0.9416E+01 0.8795E+01 0.7905E+01 0.8008E+01 0.8447E+01 0.1014E+02 0.8777E+01 0.7760E+01 0.0000E+00
0.0000E+00 0.1112E+02 0.7723E+01 0.6798E+01 0.9526E+01 0.8826E+01 0.8257E+01 0.1068E+02 0.5267E+01 0.5529E+01 0.1006E+02 0.7411E+01 0.9211E+01 0.9675E+01 0.9892E+01 0.1037E+02 0.9029E+01 0.9181E+01 0.1108E+02 0.1011E+02 0.8573E+01 0.0000E+00
0.0000E+00 0.1131E+02 0.1083E+02 0.9021E+01 0.1204E+02 0.1176E+02 0.8689E+01 0.9951E+01 0.6303E+01 0.5272E+01 0.9983E+01 0.8013E+01 0.1042E+02 0.8972E+01 0.8444E+01 0.1084E+02 0.9487E+01 0.7404E+01 0.1115E+02 0.9986E+01 0.1012E+02 0.0000E+00
0.0000E+00 0.8893E+01 0.1177E+02 0.1016E+02 0.7210E+01 0.1122E+02 0.1032E+02 0.8601E+01 0.2413E+01 0.7727E+01 0.9172E+01 0.8350E+01 0.8695E+01 0.6015E+01 0.5781E+01 0.7871E+01 0.9532E+01 0.9228E+01 0.1347E+02 0.1239E+02 0.1048E+02 0.0000E+00
0.0000E+00 0.1178E+02 0.1157E+02 0.8182E+01 0.9679E+01 0.1297E+02 0.1027E+02 0.1142E+02 0.3141E+01 0.8084E+01 0.1019E+02 0.5541E+01 0.6174E+01 0.6328E+01 0.5976E+01 0.4251E+01 0.8148E+01 0.1047E+02 0.1175E+02 0.9177E+01 0.8373E+01 0.0000E+00
0.0000E+00 0.9846E+01 0.1281E+02 0.1251E+02 0.3704E+01 0.1625E+02 0.1051E+02 0.3253E+01 0.4802E+01 0.6771E+01 0.8903E+01 0.9304E+01 0.6285E+01 0.7764E+01 0.1155E+02 0.2101E+01 0.9220E+01 0.1188E+02 0.1049E+02 0.9512E+01 0.8275E+01 0.0000E+00
0.0000E+00 0.1103E+02 0.1285E+02 0.1202E+02 0.4455E+01 0.1408E+02 0.3023E+01 0.2996E+01 0.6082E+01 0.9142E+01 0.1034E+02 0.1027E+02 0.2350E+01 0.7747E+01 0.1309E+02 0.4061E+01 0.3872E+01 0.1368E+02 0.1183E+02 0.1160E+02 0.8205E+01 0.0000E+00
0.0000E+00 0.1355E+02 0.9989E+01 0.8202E+01 0.5105E+01 0.1789E+02 0.3903E+01 0.3584E+01 0.7124E+01 0.1168E+02 0.1268E+02 0.1140E+02 0.3908E+01 0.1013E+02 0.1252E+02 0.4592E+01 0.5116E+01 0.1275E+02 0.9163E+01 0.6568E+01 0.1078E+02 0.0000E+00
0.0000E+00 0.9490E+01 0.1136E+02 0.9900E+01 0.2742E+01 0.2208E+02 0.4736E+01 0.5242E+01 0.4506E+01 0.7579E+01 0.1069E+02 0.1184E+02 0.4041E+01 0.9590E+01 0.9341E+01 0.4021E+01 0.4630E+01 0.8537E+01 0.8042E+01 0.6705E+01 0.3062E+01 0.0000E+00
0.0000E+00 0.9864E+01 0.1203E+02 0.1122E+02 0.3777E+01 0.2236E+02 0.6574E+01 0.9093E+01 0.2690E+01 0.9651E+01 0.1055E+02 0.8896E+01 0.4288E+01 0.6567E+01 0.8892E+01 0.5983E+01 0.5761E+01 0.1434E+02 0.1228E+02 0.1351E+02 0.4248E+01 0.0000E+00
0.0000E+00 0.1366E+02 0.8802E+01 0.1133E+02 0.4379E+01 0.1062E+02 0.1656E+02 0.8491E+01 0.3556E+01 0.8644E+01 0.1120E+02 0.1201E+02 0.5627E+01 0.6004E+01 0.9942E+01 0.6561E+01 0.6424E+01 0.1481E+02 0.1321E+02 0.1338E+02 0.4486E+01 0.0000E+00
0.0000E+00 0.9588E+01 0.9432E+01 0.1022E+02 0.2846E+01 0.3712E+01 0.1031E+02 0.8848E+01 0.1056E+02 0.1066E+02 0.9370E+01 0.1076E+02 0.5967E+01 0.9910E+01 0.9192E+01 0.6051E+01 0.7085E+01 0.7205E+01 0.8401E+01 0.1075E+02 0.4525E+01 0.0000E+00
0.0000E+00 0.6665E+01 0.2079E+01 0.1007E+02 0.4101E+01 0.3617E+01 0.1475E+02 0.2591E+01 0.3292E+01 0.3146E+01 0.1062E+02 0.7342E+01 0.5847E+01 0.9646E+01 0.1261E+02 0.7804E+01 0.8249E+01 0.2910E+01 0.1732E+02 0.3457E+01 0.6209E+01 0.0000E+00
0.0000E+00 0.1502E+02 0.2768E+01 0.1060E+02 0.3854E+01 0.4559E+01 0.2188E+02 0.2811E+01 0.5037E+01 0.5026E+01 0.1475E+02 0.1234E+02 0.7292E+01 0.9926E+01 0.1267E+02 0.8661E+01 0.7645E+01 0.4297E+01 0.2058E+02 0.4744E+01 0.7072E+01 0.0000E+00
0.0000E+00 0.1740E+02 0.4296E+01 0.1394E+02 0.7473E+01 0.7135E+01 0.2308E+02 0.4155E+01 0.5223E+01 0.4037E+01 0.1312E+02 0.1468E+02 0.9949E+01 0.9881E+01 0.8376E+01 0.7315E+01 0.7923E+01 0.3832E+01 0.1662E+02 0.4773E+01 0.5434E+01 0.0000E+00
0.0000E+00 0.1649E+02 0.4720E+01 0.1068E+02 0.5975E+01 0.6779E+01 0.1880E+02 0.4660E+01 0.6322E+01 0.5219E+01 0.1019E+02 0.9738E+01 0.8690E+01 0.9351E+01 0.6559E+01 0.4237E+01 0.6167E+01 0.5450E+01 0.1698E+02 0.8970E+01 0.7256E+01 0.0000E+00
0.0000E+00 0.1391E+02 0.5361E+01 0.1417E+02 0.6601E+01 0.6044E+01 0.1611E+02 0.5118E+01 0.6953E+01 0.6817E+01 0.9251E+01 0.1119E+02 0.9829E+01 0.9628E+01 0.2379E+01 0.6169E+01 0.3367E+01 0.4446E+01 0.1342E+02 0.8269E+01 0.2984E+01 0.0000E+00
0.0000E+00 0.1379E+02 0.4311E+01 0.1247E+02 0.8960E+01 0.7850E+01 0.1071E+02 0.5408E+01 0.6426E+01 0.6718E+01 0.1005E+02 0.1236E+02 0.2690E+01 0.2963E+01 0.3766E+01 0.1428E+02 0.9218E+01 0.6283E+01 0.1397E+02 0.7274E+01 0.3632E+01 0.0000E+00
0.0000E+00 0.1496E+02 0.6476E+01 0.1055E+02 0.7704E+01 0.7721E+01 0.1783E+02 0.6550E+01 0.7564E+01 0.7129E+01 0.1097E+02 0.1527E+02 0.4259E+01 0.3792E+01 0.3724E+01 0.1359E+02 0.1150E+02 0.7664E+01 0.1800E+02 0.7591E+01 0.4789E+01 0.0000E+00
0.0000E+00 0.1519E+02 0.3908E+01 0.8571E+01 0.7092E+01 0.9988E+01 0.2211E+02 0.6155E+01 0.5218E+01 0.6754E+01 0.1182E+02 0.1631E+02 0.5053E+01 0.4276E+01 0.4500E+01 0.1035E+02 0.9356E+01 0.6773E+01 0.1383E+02 0.8591E+01 0.5484E+01 0.0000E+00
0.0000E+00 0.1442E+02 0.6524E+01 0.1164E+02 0.8322E+01 0.9658E+01 0.2062E+02 0.1146E+02 0.3076E+01 0.8061E+01 0.1132E+02 0.1550E+02 0.5940E+01 0.5597E+01 0.6020E+01 0.1387E+02 0.2617E+01 0.8700E+01 0.1486E+02 0.1003E+02 0.7588E+01 0.0000E+00
0.0000E+00 0.1165E+02 0.2536E+01 0.1236E+02 0.9282E+01 0.9125E+01 0.1968E+02 0.3553E+01 0.5369E+01 0.3056E+01 0.1342E+02 0.1353E+02 0.6410E+01 0.5597E+01 0.6141E+01 0.1654E+02 0.3812E+01 0.7752E+01 0.1464E+02 0.9962E+01 0.8742E+01 0.0000E+00
0.0000E+00 0.1565E+02 0.3625E+01 0.1554E+02 0.1002E+02 0.1002E+02 0.1990E+02 0.4402E+01 0.5793E+01 0.4957E+01 0.1491E+02 0.1218E+02 0.7317E+01 0.6454E+01 0.6048E+01 0.1595E+02 0.4801E+01 0.9178E+01 0.1805E+02 0.1009E+02 0.7888E+01 0.0000E+00
0.0000E+00 0.1350E+02 0.4440E+01 0.1039E+02 0.9769E+01 0.7643E+01 0.1890E+02 0.4958E+01 0.5800E+01 0.4945E+01 0.9829E+01 0.1382E+02 0.9507E+01 0.9602E+01 0.7602E+01 0.1070E+02 0.4946E+01 0.9957E+01 0.1969E+02 0.1157E+02 0.8470E+01 0.0000E+00
0.0000E+00 0.1333E+02 0.1086E+02 0.1000E+02 0.2612E+01 0.1079E+02 0.1744E+02 0.4925E+01 0.5551E+01 0.1149E+02 0.1213E+02 0.1201E+02 0.1366E+02 0.1215E+02 0.1106E+02 0.4916E+01 0.4018E+01 0.6797E+01 0.1261E+02 0.9637E+01 0.7440E+01 0.0000E+00
0.0000E+00 0.1557E+02 0.1597E+02 0.3469E+01 0.4261E+01 0.1236E+02 0.1760E+02 0.5972E+01 0.4478E+01 0.7440E+01 0.3948E+01 0.1452E+02 0.1263E+02 0.2746E+01 0.3444E+01 0.2935E+01 0.2841E+01 0.8663E+01 0.1372E+02 0.8513E+01 0.8803E+01 0.0000E+00
0.0000E+00 0.1488E+02 0.1573E+02 0.4974E+01 0.4122E+01 0.7772E+01 0.2230E+02 0.3173E+01 0.7188E+01 0.1211E+02 0.5402E+01 0.1287E+02 0.1600E+02 0.4407E+01 0.5182E+01 0.4961E+01 0.5019E+01 0.1131E+02 0.1676E+02 0.9504E+01 0.9335E+01 0.0000E+00
0.0000E+00 0.1360E+02 0.1529E+02 0.5702E+01 0.6178E+01 0.1241E+02 0.2196E+02 0.4600E+01 0.9062E+01 0.1521E+02 0.5899E+01 0.1533E+02 0.1773E+02 0.4876E+01 0.5262E+01 0.4801E+01 0.5494E+01 0.9456E+01 0.1658E+02 0.1098E+02 0.9028E+01 0.0000E+00
0.0000E+00 0.1375E+02 0.1463E+02 0.6237E+01 0.6681E+01 0.1097E+02 0.1083E+02 0.4618E+01 0.5967E+01 0.1132E+02 0.6795E+01 0.1445E+02 0.1631E+02 0.6012E+01 0.6047E+01 0.5685E+01 0.6082E+01 0.9587E+01 0.1496E+02 0.1386E+02 0.9456E+01 0.0000E+00
0.0000E+00 0.1256E+02 0.1391E+02 0.7953E+01 0.6354E+01 0.1174E+02 0.2237E+02 0.7002E+01 0.6675E+01 0.1160E+02 0.6825E+01 0.1123E+02 0.1626E+02 0.7211E+01 0.5724E+01 0.5421E+01 0.6406E+01 0.1017E+02 0.1270E+02 0.1350E+02 0.3016E+01 0.0000E+00
0.0000E+00 0.1342E+02 0.1540E+02 0.8909E+01 0.8876E+01 0.1258E+02 0.2226E+02 0.9003E+01 0.3087E+01 0.1313E+02 0.1198E+02 0.4888E+01 0.1410E+02 0.8979E+01 0.6388E+01 0.5232E+01 0.5648E+01 0.9847E+01 0.1143E+02 0.1039E+02 0.3876E+01 0.0000E+00
0.0000E+00 0.1334E+02 0.1461E+02 0.7852E+01 0.8635E+01 0.1141E+02 0.1695E+02 0.3101E+01 0.3971E+01 0.1284E+02 0.1821E+02 0.2818E+01 0.1823E+02 0.1047E+02 0.9306E+01 0.2715E+01 0.5046E+01 0.1227E+02 0.1239E+02 0.1042E+02 0.2624E+01 0.0000E+00
0.0000E+00 0.7283E+01 0.9918E+01 0.8429E+01 0.9993E+01 0.9999E+01 0.1780E+02 0.2849E+01 0.4880E+01 0.1146E+02 0.1655E+02 0.4135E+01 0.1722E+02 0.9906E+01 0.8840E+01 0.4473E+01 0.3198E+01 0.1821E+02 0.3565E+01 0.1653E+02 0.3911E+01 0.0000E+00
0.0000E+00 0.8939E+01 0.1267E+02 0.9638E+01 0.9662E+01 0.1112E+02 0.1756E+02 0.3731E+01 0.5308E+01 0.1326E+02 0.1169E+02 0.3974E+01 0.1395E+02 0.1052E+02 0.8936E+01 0.5154E+01 0.4634E+01 0.1885E+02 0.5136E+01 0.1605E+02 0.4588E+01 0.0000E+00
0.0000E+00 0.1406E+02 0.1535E+02 0.1047E+02 0.9504E+01 0.1312E+02 0.2264E+02 0.4367E+01 0.7287E+01 0.1429E+02 0.1674E+02 0.3272E+01 0.1735E+02 0.1091E+02 0.8544E+01 0.6339E+01 0.5594E+01 0.1509E+02 0.5633E+01 0.1215E+02 0.6196E+01 0.0000E+00
0.0000E+00 0.1324E+02 0.1310E+02 0.1017E+02 0.1183E+02 0.1224E+02 0.1673E+02 0.5909E+01 0.6543E+01 0.1045E+02 0.1635E+02 0.4928E+01 0.1787E+02 0.1199E+02 0.9318E+01 0.7464E+01 0.6065E+01 0.5790E+01 0.4454E+01 0.1056E+02 0.2735E+01 0.0000E+00
0.0000E+00 0.1227E+02 0.1316E+02 0.1042E+02 0.1156E+02 0.1229E+02 0.1870E+02 0.6246E+01 0.7136E+01 0.1127E+02 0.1726E+02 0.5381E+01 0.1817E+02 0.1374E+02 0.8139E+01 0.1351E+02 0.1458E+02 0.1528E+02 0.3319E+01 0.1175E+02 0.4112E+01 0.0000E+00
0.0000E+00 0.1321E+02 0.1567E+02 0.1281E+02 0.1276E+02 0.9991E+01 0.1642E+02 0.6706E+01 0.9161E+01 0.1419E+02 0.1818E+02 0.6000E+01 0.1509E+02 0.1293E+02 0.1102E+02 0.1677E+02 0.3736E+01 0.4310E+01 0.5186E+01 0.1525E+02 0.5577E+01 0.0000E+00
0.0000E+00 0.1009E+02 0.1544E+02 0.1141E+02 0.1317E+02 0.1317E+02 0.1694E+02 0.7860E+01 0.9290E+01 0.1343E+02 0.1334E+02 0.5162E+01 0.1446E+02 0.1377E+02 0.3810E+01 0.1517E+02 0.4579E+01 0.4484E+01 0.3548E+01 0.1333E+02 0.6708E+01 0.0000E+00
0.0000E+00 0.1105E+02 0.1519E+02 0.1559E+02 0.1398E+02 0.1492E+02 0.1809E+02 0.3877E+01 0.7627E+01 0.1214E+02 0.1494E+02 0.2379E+01 0.1547E+02 0.1855E+02 0.5544E+01 0.1631E+02 0.6679E+01 0.6082E+01 0.6428E+01 0.1542E+02 0.5468E+01 0.0000E+00
0.0000E+00 0.1341E+02 0.1737E+02 0.1468E+02 0.1386E+02 0.1344E+02 0.2031E+02 0.8361E+01 0.9188E+01 0.1268E+02 0.1703E+02 0.4444E+01 0.1238E+02 0.1420E+02 0.6448E+01 0.1842E+02 0.7484E+01 0.7186E+01 0.6870E+01 0.1094E+02 0.7137E+01 0.0000E+00
0.0000E+00 0.1299E+02 0.1617E+02 0.1333E+02 0.1506E+02 0.1736E+02 0.2083E+02 0.1109E+02 0.1203E+02 0.1204E+02 0.1313E+02 0.5116E+01 0.1450E+02 0.1535E+02 0.1728E+02 0.1642E+02 0.7207E+01 0.7615E+01 0.6313E+01 0.1137E+02 0.3525E+01 0.0000E+00
0.0000E+00 0.9661E+01 0.1166E+02 0.1698E+02 0.4249E+01 0.1646E+02 0.1942E+02 0.9338E+01 0.1098E+02 0.1377E+02 0.1497E+02 0.6223E+01 0.1669E+02 0.1472E+02 0.1834E+02 0.2667E+01 0.7021E+01 0.6927E+01 0.7890E+01 0.1705E+02 0.2867E+01 0.0000E+00
0.0000E+00 0.9225E+01 0.1368E+02 0.1795E+02 0.5931E+01 0.1541E+02 0.1569E+02 0.9497E+01 0.1026E+02 0.1555E+02 0.1681E+02 0.7566E+01 0.1653E+02 0.1679E+02 0.1910E+02 0.3799E+01 0.6634E+01 0.7886E+01 0.7978E+01 0.1387E+02 0.4402E+01 0.0000E+00
0.0000E+00 0.8179E+01 0.1020E+02 0.1280E+02 0.5755E+01 0.1402E+02 0.2608E+01 0.6498E+01 0.1445E+02 0.1839E+02 0.1597E+02 0.1473E+02 0.1552E+02 0.1227E+02 0.1380E+02 0.8399E+01 0.8115E+01 0.7620E+01 0.6085E+01 0.1109E+02 0.4300E+01 0.0000E+00
-.9999E+04 -.9999E+04 -.9999E+04 -.9999E+04 -.9999E+04 -.9999E+04 -.9999E+04 -.9999E+04 -.9999E+04 -.9999E+04 -.9999E+04 -.9999E+04 -.9999E+04 -.9999E+04 -.9999E+04 -.9999E+04 -.9999E+04 -.9999E+04 -.9999E+04 -.9999E+04 -.9999E+04 -.9999E+04
