Output/veloc004.asc
ncols     22
nrows     62
xllcorner      0.00000000
yllcorner      0.00000000
cellsize      0.50000000
nodata_value -9999
0.0000E+00 0.0000E+00 0.0000E+00 0.0000E+00 0.0000E+00 0.0000E+00 0.0000E+00 0.0000E+00 0.0000E+00 0.0000E+00 0.0000E+00 0.0000E+00 0.0000E+00 0.0000E+00 0.0000E+00 0.0000E+00 0.0000E+00 0.0000E+00 0.0000E+00 0.0000E+00 0.0000E+00 0.0000E+00
0.0000E+00 0.3437E+01 0.3336E+01 0.2196E+01 0.2752E+01 0.3348E+01 0.2465E+01 0.3226E+01 0.3367E+01 0.2967E+01 0.2530E+01 0.2952E+01 0.2687E+01 0.2638E+01 0.2734E+01 0.1665E+01 0.2458E+01 0.2591E+01 0.3061E+01 0.3549E+01 0.3779E+01 0.0000E+00
0.0000E+00 0.5556E+01 0.4943E+01 0.3752E+01 0.4010E+01 0.4173E+01 0.2830E+01 0.4300E+01 0.4575E+01 0.4263E+01 0.4347E+01 0.3548E+01 0.3916E+01 0.3941E+01 0.2988E+01 0.3172E+01 0.4090E+01 0.3797E+01 0.4542E+01 0.4775E+01 0.4775E+01 0.0000E+00
0.0000E+00 0.6909E+01 0.5766E+01 0.4349E+01 0.4539E+01 0.5892E+01 0.3924E+01 0.3819E+01 0.4337E+01 0.4820E+01 0.5082E+01 0.4125E+01 0.4917E+01 0.4442E+01 0.4624E+01 0.5027E+01 0.5572E+01 0.5397E+01 0.5376E+01 0.5335E+01 0.6228E+01 0.0000E+00
0.0000E+00 0.7281E+01 0.7581E+01 0.5107E+01 0.5669E+01 0.6924E+01 0.4727E+01 0.5713E+01 0.5827E+01 0.5177E+01 0.6074E+01 0.6181E+01 0.6403E+01 0.5001E+01 0.5663E+01 0.5626E+01 0.6109E+01 0.5195E+01 0.4431E+01 0.5833E+01 0.7596E+01 0.0000E+00
0.0000E+00 0.7053E+01 0.8132E+01 0.6348E+01 0.6342E+01 0.7543E+01 0.5727E+01 0.6655E+01 0.6591E+01 0.6889E+01 0.6464E+01 0.5852E+01 0.7776E+01 0.7283E+01 0.5998E+01 0.5034E+01 0.5879E+01 0.6193E+01 0.8349E+01 0.8818E+01 0.8543E+01 0.0000E+00
0.0000E+00 0.8720E+01 0.9149E+01 0.7486E+01 0.7029E+01 0.8033E+01 0.6521E+01 0.6085E+01 0.6613E+01 0.6979E+01 0.6375E+01 0.5071E+01 0.7081E+01 0.7687E+01 0.6726E+01 0.5624E+01 0.4962E+01 0.6526E+01 0.9420E+01 0.7915E+01 0.6511E+01 0.0000E+00
0.0000E+00 0.6730E+01 0.9071E+01 0.6489E+01 0.6357E+01 0.8084E+01 0.6905E+01 0.7837E+01 0.6712E+01 0.6193E+01 0.8007E+01 0.6657E+01 0.7248E+01 0.6943E+01 0.6507E+01 0.6914E+01 0.5345E+01 0.6262E+01 0.7910E+01 0.6419E+01 0.6996E+01 0.0000E+00
0.0000E+00 0.1016E+02 0.7760E+01 0.6182E+01 0.7242E+01 0.7939E+01 0.4136E+01 0.6699E+01 0.8173E+01 0.6714E+01 0.5841E+01 0.6584E+01 0.8082E+01 0.5681E+01 0.4789E+01 0.6713E+01 0.7021E+01 0.5366E+01 0.7866E+01 0.8238E+01 0.7406E+01 0.0000E+00
0.0000E+00 0.1068E+02 0.1000E+02 0.8803E+01 0.8872E+01 0.8356E+01 0.6743E+01 0.7164E+01 0.8849E+01 0.8081E+01 0.7874E+01 0.7879E+01 0.9090E+01 0.7017E+01 0.6641E+01 0.7946E+01 0.7342E+01 0.5524E+01 0.7654E+01 0.8281E+01 0.7208E+01 0.0000E+00
0.0000E+00 0.6176E+01 0.1055E+02 0.8933E+01 0.7094E+01 0.9761E+01 0.9630E+01 0.7776E+01 0.6575E+01 0.6654E+01 0.8256E+01 0.6591E+01 0.6593E+01 0.7454E+01 0.7872E+01 0.8471E+01 0.7275E+01 0.7581E+01 0.1009E+02 0.8419E+01 0.6786E+01 0.0000E+00
0.0000E+00 0.7309E+01 0.8422E+01 0.7395E+01 0.8174E+01 0.9333E+01 0.8391E+01 0.7987E+01 0.5681E+01 0.7545E+01 0.8039E+01 0.4438E+01 0.5600E+01 0.7244E+01 0.6377E+01 0.6736E+01 0.7831E+01 0.6719E+01 0.8181E+01 0.7042E+01 0.6494E+01 0.0000E+00
0.0000E+00 0.1036E+02 0.1055E+02 0.7150E+01 0.8695E+01 0.1049E+02 0.8079E+01 0.7991E+01 0.8353E+01 0.6793E+01 0.7541E+01 0.5239E+01 0.5975E+01 0.6498E+01 0.7798E+01 0.9132E+01 0.5583E+01 0.5185E+01 0.9034E+01 0.9272E+01 0.7119E+01 0.0000E+00
0.0000E+00 0.7441E+01 0.8178E+01 0.8884E+01 0.9644E+01 0.9274E+01 0.9470E+01 0.9781E+01 0.5556E+01 0.5466E+01 0.3640E+01 0.6385E+01 0.7829E+01 0.8202E+01 0.8148E+01 0.9682E+01 0.9862E+01 0.7917E+01 0.9783E+01 0.8788E+01 0.7029E+01 0.0000E+00
0.0000E+00 0.9597E+01 0.7231E+01 0.8671E+01 0.9396E+01 0.8620E+01 0.8620E+01 0.9771E+01 0.2611E+01 0.2779E+01 0.1212E+02 0.8477E+01 0.8279E+01 0.6179E+01 0.6751E+01 0.8655E+01 0.1044E+02 0.9376E+01 0.9935E+01 0.7583E+01 0.8335E+01 0.0000E+00
0.0000E+00 0.1064E+02 0.1282E+02 0.9476E+01 0.1072E+02 0.1077E+02 0.7257E+01 0.9719E+01 0.4698E+01 0.4434E+01 0.1261E+02 0.7685E+01 0.7599E+01 0.6547E+01 0.5448E+01 0.6327E+01 0.7428E+01 0.7351E+01 0.9033E+01 0.8707E+01 0.7863E+01 0.0000E+00
0.0000E+00 0.1031E+02 0.1402E+02 0.1104E+02 0.1092E+02 0.1001E+02 0.9743E+01 0.1253E+02 0.5286E+01 0.5162E+01 0.1150E+02 0.8638E+01 0.9863E+01 0.9466E+01 0.8851E+01 0.7930E+01 0.8043E+01 0.8509E+01 0.1016E+02 0.8796E+01 0.7796E+01 0.0000E+00
0.0000E+00 0.1115E+02 0.7736E+01 0.6826E+01 0.9553E+01 0.8840E+01 0.8279E+01 0.1073E+02 0.5286E+01 0.5550E+01 0.1011E+02 0.7465E+01 0.9247E+01 0.9731E+01 0.9956E+01 0.1040E+02 0.9068E+01 0.9252E+01 0.1109E+02 0.1013E+02 0.8617E+01 0.0000E+00
0.0000E+00 0.1134E+02 0.1085E+02 0.9057E+01 0.1207E+02 0.1178E+02 0.8713E+01 0.9996E+01 0.6322E+01 0.5288E+01 0.1003E+02 0.8072E+01 0.1046E+02 0.9030E+01 0.8500E+01 0.1088E+02 0.9529E+01 0.7461E+01 0.1116E+02 0.1001E+02 0.1018E+02 0.0000E+00
0.0000E+00 0.8918E+01 0.1179E+02 0.1020E+02 0.7229E+01 0.1124E+02 0.1035E+02 0.8639E+01 0.2432E+01 0.7749E+01 0.9220E+01 0.8413E+01 0.8731E+01 0.6058E+01 0.5819E+01 0.7903E+01 0.9574E+01 0.9295E+01 0.1350E+02 0.1242E+02 0.1054E+02 0.0000E+00
0.0000E+00 0.1181E+02 0.1159E+02 0.8212E+01 0.9703E+01 0.1300E+02 0.1031E+02 0.1147E+02 0.3156E+01 0.8104E+01 0.1024E+02 0.5583E+01 0.6200E+01 0.6375E+01 0.6005E+01 0.4268E+01 0.8181E+01 0.1054E+02 0.1176E+02 0.9206E+01 0.8424E+01 0.0000E+00
0.0000E+00 0.9874E+01 0.1283E+02 0.1256E+02 0.3719E+01 0.1629E+02 0.1055E+02 0.3266E+01 0.4821E+01 0.6785E+01 0.8946E+01 0.9355E+01 0.6312E+01 0.7820E+01 0.1161E+02 0.2115E+01 0.9256E+01 0.1193E+02 0.1051E+02 0.9546E+01 0.8325E+01 0.0000E+00
0.0000E+00 0.1106E+02 0.1287E+02 0.1206E+02 0.4470E+01 0.1411E+02 0.3038E+01 0.3020E+01 0.6102E+01 0.9158E+01 0.1038E+02 0.1032E+02 0.2366E+01 0.7800E+01 0.1316E+02 0.4078E+01 0.3889E+01 0.1374E+02 0.1186E+02 0.1165E+02 0.8252E+01 0.0000E+00
0.0000E+00 0.1359E+02 0.1001E+02 0.8231E+01 0.5119E+01 0.1793E+02 0.3923E+01 0.3603E+01 0.7146E+01 0.1170E+02 0.1274E+02 0.1146E+02 0.3936E+01 0.1019E+02 0.1258E+02 0.4608E+01 0.5134E+01 0.1280E+02 0.9182E+01 0.6596E+01 0.1084E+02 0.0000E+00
0.0000E+00 0.9516E+01 0.1138E+02 0.9934E+01 0.2759E+01 0.2213E+02 0.4760E+01 0.5260E+01 0.4519E+01 0.7588E+01 0.1073E+02 0.1190E+02 0.4070E+01 0.9650E+01 0.9389E+01 0.4033E+01 0.4642E+01 0.8570E+01 0.8058E+01 0.6733E+01 0.3075E+01 0.0000E+00
0.0000E+00 0.9891E+01 0.1205E+02 0.1125E+02 0.3794E+01 0.2241E+02 0.6609E+01 0.9123E+01 0.2711E+01 0.9660E+01 0.1059E+02 0.8945E+01 0.4315E+01 0.6607E+01 0.8941E+01 0.5999E+01 0.5774E+01 0.1440E+02 0.1230E+02 0.1356E+02 0.4263E+01 0.0000E+00
0.0000E+00 0.1370E+02 0.8821E+01 0.1137E+02 0.4397E+01 0.1065E+02 0.1660E+02 0.8521E+01 0.3581E+01 0.8650E+01 0.1124E+02 0.1207E+02 0.5661E+01 0.6039E+01 0.1000E+02 0.6579E+01 0.6436E+01 0.1487E+02 0.1324E+02 0.1343E+02 0.4500E+01 0.0000E+00
0.0000E+00 0.9612E+01 0.9453E+01 0.1026E+02 0.2862E+01 0.3726E+01 0.1033E+02 0.8864E+01 0.1057E+02 0.1067E+02 0.9405E+01 0.1082E+02 0.6001E+01 0.9968E+01 0.9252E+01 0.6067E+01 0.7097E+01 0.7230E+01 0.8427E+01 0.1079E+02 0.4537E+01 0.0000E+00
0.0000E+00 0.6682E+01 0.2096E+01 0.1011E+02 0.4119E+01 0.3631E+01 0.1478E+02 0.2600E+01 0.3303E+01 0.3158E+01 0.1066E+02 0.7385E+01 0.5876E+01 0.9703E+01 0.1269E+02 0.7825E+01 0.8261E+01 0.2919E+01 0.1738E+02 0.3470E+01 0.6224E+01 0.0000E+00
0.0000E+00 0.1506E+02 0.2780E+01 0.1063E+02 0.3866E+01 0.4573E+01 0.2193E+02 0.2821E+01 0.5051E+01 0.5047E+01 0.1480E+02 0.1242E+02 0.7323E+01 0.9985E+01 0.1276E+02 0.8688E+01 0.7656E+01 0.4309E+01 0.2064E+02 0.4760E+01 0.7089E+01 0.0000E+00
0.0000E+00 0.1744E+02 0.4316E+01 0.1398E+02 0.7494E+01 0.7155E+01 0.2314E+02 0.4170E+01 0.5236E+01 0.4052E+01 0.1317E+02 0.1477E+02 0.9987E+01 0.9938E+01 0.8437E+01 0.7339E+01 0.7936E+01 0.3841E+01 0.1667E+02 0.4787E+01 0.5446E+01 0.0000E+00
0.0000E+00 0.1653E+02 0.4742E+01 0.1071E+02 0.5991E+01 0.6798E+01 0.1885E+02 0.4674E+01 0.6338E+01 0.5236E+01 0.1023E+02 0.9795E+01 0.8719E+01 0.9402E+01 0.6606E+01 0.4259E+01 0.6177E+01 0.5461E+01 0.1703E+02 0.8988E+01 0.7270E+01 0.0000E+00
0.0000E+00 0.1395E+02 0.5386E+01 0.1421E+02 0.6616E+01 0.6059E+01 0.1615E+02 0.5131E+01 0.6970E+01 0.6836E+01 0.9285E+01 0.1124E+02 0.9867E+01 0.9676E+01 0.2397E+01 0.6201E+01 0.3372E+01 0.4454E+01 0.1346E+02 0.8284E+01 0.2999E+01 0.0000E+00
0.0000E+00 0.1382E+02 0.4334E+01 0.1251E+02 0.8980E+01 0.7867E+01 0.1074E+02 0.5421E+01 0.6441E+01 0.6735E+01 0.1009E+02 0.1242E+02 0.2711E+01 0.2987E+01 0.3783E+01 0.1436E+02 0.9232E+01 0.6294E+01 0.1401E+02 0.7286E+01 0.3645E+01 0.0000E+00
0.0000E+00 0.1500E+02 0.6511E+01 0.1058E+02 0.7721E+01 0.7735E+01 0.1788E+02 0.6565E+01 0.7581E+01 0.7145E+01 0.1101E+02 0.1533E+02 0.4281E+01 0.3817E+01 0.3737E+01 0.1366E+02 0.1152E+02 0.7676E+01 0.1806E+02 0.7603E+01 0.4804E+01 0.0000E+00
0.0000E+00 0.1523E+02 0.3932E+01 0.8595E+01 0.7109E+01 0.1001E+02 0.2217E+02 0.6164E+01 0.5227E+01 0.6768E+01 0.1186E+02 0.1638E+02 0.5073E+01 0.4298E+01 0.4514E+01 0.1039E+02 0.9370E+01 0.6783E+01 0.1387E+02 0.8604E+01 0.5497E+01 0.0000E+00
0.0000E+00 0.1446E+02 0.6566E+01 0.1167E+02 0.8342E+01 0.9673E+01 0.2068E+02 0.1148E+02 0.3086E+01 0.8077E+01 0.1135E+02 0.1557E+02 0.5961E+01 0.5621E+01 0.6039E+01 0.1392E+02 0.2638E+01 0.8712E+01 0.1491E+02 0.1004E+02 0.7604E+01 0.0000E+00
0.0000E+00 0.1168E+02 0.2556E+01 0.1239E+02 0.9303E+01 0.9138E+01 0.1973E+02 0.3569E+01 0.5386E+01 0.3072E+01 0.1345E+02 0.1359E+02 0.6428E+01 0.5617E+01 0.6162E+01 0.1660E+02 0.3835E+01 0.7762E+01 0.1468E+02 0.9982E+01 0.8760E+01 0.0000E+00
0.0000E+00 0.1570E+02 0.3638E+01 0.1558E+02 0.1004E+02 0.1004E+02 0.1995E+02 0.4418E+01 0.5810E+01 0.4979E+01 0.1494E+02 0.1224E+02 0.7335E+01 0.6474E+01 0.6068E+01 0.1602E+02 0.4828E+01 0.9191E+01 0.1811E+02 0.1011E+02 0.7904E+01 0.0000E+00
0.0000E+00 0.1355E+02 0.4454E+01 0.1042E+02 0.9789E+01 0.7654E+01 0.1895E+02 0.4974E+01 0.5817E+01 0.4964E+01 0.9851E+01 0.1389E+02 0.9529E+01 0.9628E+01 0.7628E+01 0.1075E+02 0.4973E+01 0.9970E+01 0.1975E+02 0.1160E+02 0.8488E+01 0.0000E+00
0.0000E+00 0.1338E+02 0.1089E+02 0.1002E+02 0.2630E+01 0.1081E+02 0.1749E+02 0.4938E+01 0.5566E+01 0.1152E+02 0.1216E+02 0.1207E+02 0.1370E+02 0.1220E+02 0.1110E+02 0.4937E+01 0.4037E+01 0.6808E+01 0.1265E+02 0.9665E+01 0.7455E+01 0.0000E+00
0.0000E+00 0.1563E+02 0.1600E+02 0.3482E+01 0.4291E+01 0.1238E+02 0.1764E+02 0.5985E+01 0.4489E+01 0.7461E+01 0.3964E+01 0.1459E+02 0.1267E+02 0.2760E+01 0.3456E+01 0.2951E+01 0.2857E+01 0.8680E+01 0.1377E+02 0.8538E+01 0.8821E+01 0.0000E+00
0.0000E+00 0.1494E+02 0.1577E+02 0.4992E+01 0.4145E+01 0.7785E+01 0.2236E+02 0.3186E+01 0.7206E+01 0.1215E+02 0.5420E+01 0.1294E+02 0.1605E+02 0.4428E+01 0.5197E+01 0.4983E+01 0.5043E+01 0.1134E+02 0.1683E+02 0.9532E+01 0.9353E+01 0.0000E+00
0.0000E+00 0.1366E+02 0.1533E+02 0.5723E+01 0.6207E+01 0.1243E+02 0.2202E+02 0.4618E+01 0.9085E+01 0.1526E+02 0.5917E+01 0.1540E+02 0.1778E+02 0.4897E+01 0.5275E+01 0.4819E+01 0.5515E+01 0.9478E+01 0.1665E+02 0.1101E+02 0.9043E+01 0.0000E+00
0.0000E+00 0.1381E+02 0.1467E+02 0.6257E+01 0.6711E+01 0.1099E+02 0.1086E+02 0.4632E+01 0.5984E+01 0.1135E+02 0.6814E+01 0.1452E+02 0.1635E+02 0.6034E+01 0.6062E+01 0.5705E+01 0.6101E+01 0.9609E+01 0.1503E+02 0.1389E+02 0.9471E+01 0.0000E+00
0.0000E+00 0.1263E+02 0.1395E+02 0.7976E+01 0.6379E+01 0.1176E+02 0.2244E+02 0.7025E+01 0.6696E+01 0.1164E+02 0.6841E+01 0.1128E+02 0.1631E+02 0.7235E+01 0.5737E+01 0.5440E+01 0.6424E+01 0.1019E+02 0.1276E+02 0.1353E+02 0.3029E+01 0.0000E+00
0.0000E+00 0.1350E+02 0.1544E+02 0.8932E+01 0.8907E+01 0.1261E+02 0.2233E+02 0.9033E+01 0.3099E+01 0.1317E+02 0.1201E+02 0.4906E+01 0.1414E+02 0.9006E+01 0.6401E+01 0.5250E+01 0.5663E+01 0.9868E+01 0.1149E+02 0.1041E+02 0.3891E+01 0.0000E+00
0.0000E+00 0.1343E+02 0.1465E+02 0.7871E+01 0.8662E+01 0.1143E+02 0.1701E+02 0.3112E+01 0.3986E+01 0.1288E+02 0.1826E+02 0.2840E+01 0.1828E+02 0.1050E+02 0.9325E+01 0.2734E+01 0.5058E+01 0.1232E+02 0.1247E+02 0.1045E+02 0.2646E+01 0.0000E+00
0.0000E+00 0.7337E+01 0.9949E+01 0.8447E+01 0.1002E+02 0.1002E+02 0.1786E+02 0.2861E+01 0.4897E+01 0.1150E+02 0.1660E+02 0.4158E+01 0.1728E+02 0.9931E+01 0.8857E+01 0.4496E+01 0.3210E+01 0.1828E+02 0.3579E+01 0.1657E+02 0.3931E+01 0.0000E+00
0.0000E+00 0.9012E+01 0.1271E+02 0.9657E+01 0.9688E+01 0.1114E+02 0.1762E+02 0.3745E+01 0.5327E+01 0.1331E+02 0.1173E+02 0.3991E+01 0.1399E+02 0.1054E+02 0.8954E+01 0.5174E+01 0.4650E+01 0.1892E+02 0.5156E+01 0.1609E+02 0.4606E+01 0.0000E+00
0.0000E+00 0.1418E+02 0.1540E+02 0.1049E+02 0.9526E+01 0.1315E+02 0.2274E+02 0.4381E+01 0.7311E+01 0.1434E+02 0.1678E+02 0.3284E+01 0.1741E+02 0.1093E+02 0.8562E+01 0.6361E+01 0.5612E+01 0.1514E+02 0.5651E+01 0.1218E+02 0.6217E+01 0.0000E+00
0.0000E+00 0.1336E+02 0.1314E+02 0.1019E+02 0.1185E+02 0.1227E+02 0.1680E+02 0.5927E+01 0.6562E+01 0.1049E+02 0.1640E+02 0.4945E+01 0.1793E+02 0.1201E+02 0.9339E+01 0.7491E+01 0.6082E+01 0.5805E+01 0.4464E+01 0.1059E+02 0.2757E+01 0.0000E+00
0.0000E+00 0.1238E+02 0.1320E+02 0.1044E+02 0.1159E+02 0.1232E+02 0.1878E+02 0.6264E+01 0.7156E+01 0.1132E+02 0.1730E+02 0.5396E+01 0.1824E+02 0.1376E+02 0.8157E+01 0.1355E+02 0.1461E+02 0.1532E+02 0.3330E+01 0.1178E+02 0.4132E+01 0.0000E+00
0.0000E+00 0.1334E+02 0.1573E+02 0.1284E+02 0.1278E+02 0.1002E+02 0.1650E+02 0.6725E+01 0.9183E+01 0.1425E+02 0.1822E+02 0.6017E+01 0.1515E+02 0.1295E+02 0.1104E+02 0.1681E+02 0.3751E+01 0.4329E+01 0.5203E+01 0.1529E+02 0.5599E+01 0.0000E+00
0.0000E+00 0.1019E+02 0.1549E+02 0.1143E+02 0.1320E+02 0.1320E+02 0.1702E+02 0.7881E+01 0.9311E+01 0.1349E+02 0.1337E+02 0.5175E+01 0.1452E+02 0.1379E+02 0.3826E+01 0.1521E+02 0.4594E+01 0.4498E+01 0.3557E+01 0.1336E+02 0.6732E+01 0.0000E+00
0.0000E+00 0.1115E+02 0.1524E+02 0.1561E+02 0.1401E+02 0.1496E+02 0.1818E+02 0.3885E+01 0.7644E+01 0.1220E+02 0.1498E+02 0.2397E+01 0.1553E+02 0.1858E+02 0.5563E+01 0.1635E+02 0.6698E+01 0.6098E+01 0.6444E+01 0.1547E+02 0.5485E+01 0.0000E+00
0.0000E+00 0.1352E+02 0.1742E+02 0.1470E+02 0.1388E+02 0.1347E+02 0.2041E+02 0.8378E+01 0.9206E+01 0.1274E+02 0.1706E+02 0.4468E+01 0.1243E+02 0.1422E+02 0.6467E+01 0.1846E+02 0.7502E+01 0.7203E+01 0.6886E+01 0.1097E+02 0.7156E+01 0.0000E+00
0.0000E+00 0.1309E+02 0.1622E+02 0.1335E+02 0.1508E+02 0.1740E+02 0.2093E+02 0.1112E+02 0.1205E+02 0.1210E+02 0.1316E+02 0.5137E+01 0.1456E+02 0.1537E+02 0.1732E+02 0.1645E+02 0.7222E+01 0.7631E+01 0.6326E+01 0.1140E+02 0.3538E+01 0.0000E+00
0.0000E+00 0.9729E+01 0.1170E+02 0.1700E+02 0.4268E+01 0.1649E+02 0.1951E+02 0.9356E+01 0.1100E+02 0.1383E+02 0.1500E+02 0.6245E+01 0.1676E+02 0.1473E+02 0.1838E+02 0.2687E+01 0.7034E+01 0.6941E+01 0.7905E+01 0.1710E+02 0.2881E+01 0.0000E+00
0.0000E+00 0.9284E+01 0.1372E+02 0.1797E+02 0.5954E+01 0.1547E+02 0.1576E+02 0.9515E+01 0.1028E+02 0.1561E+02 0.1684E+02 0.7590E+01 0.1660E+02 0.1681E+02 0.1914E+02 0.3821E+01 0.6645E+01 0.7904E+01 0.7993E+01 0.1391E+02 0.4420E+01 0.0000E+00
0.0000E+00 0.8227E+01 0.1024E+02 0.1282E+02 0.5772E+01 0.1406E+02 0.2616E+01 0.6511E+01 0.1448E+02 0.1844E+02 0.1600E+02 0.1476E+02 0.1555E+02 0.1228E+02 0.1383E+02 0.8417E+01 0.8129E+01 0.7638E+01 0.6099E+01 0.1112E+02 0.4314E+01 0.0000E+00
-.9999E+04 -.9999E+04 -.9999E+04 -.9999E+04 -.9999E+04 -.9999E+04 -.9999E+04 -.9999E+04 -.9999E+04 -.9999E+04 -.9999E+04 -.9999E+04 -.9999E+04 -.9999E+04 -.9999E+04 -.9999E+04 -.9999E+04 -.9999E+04 -.9999E+04 -.9999E+04 -.9999E+04 -.9999E+04
