Output/veloc001.asc
ncols     22
nrows     62
xllcorner      0.00000000
yllcorner      0.00000000
cellsize      0.50000000
nodata_value -9999
0.0000E+00 0.0000E+00 0.0000E+00 0.0000E+00 0.0000E+00 0.0000E+00 0.0000E+00 0.0000E+00 0.0000E+00 0.0000E+00 0.0000E+00 0.0000E+00 0.0000E+00 0.0000E+00 0.0000E+00 0.0000E+00 0.0000E+00 0.0000E+00 0.0000E+00 0.0000E+00 0.0000E+00 0.0000E+00
0.0000E+00 0.6047E+01 0.6195E+01 0.4977E+01 0.5987E+01 0.4933E+01 0.5288E+01 0.7235E+01 0.5592E+01 0.5517E+01 0.5388E+01 0.6898E+01 0.4873E+01 0.5530E+01 0.6424E+01 0.3606E+01 0.4422E+01 0.6012E+01 0.6562E+01 0.5094E+01 0.4134E+01 0.0000E+00
0.0000E+00 0.8963E+01 0.8946E+01 0.7935E+01 0.8455E+01 0.6585E+01 0.6075E+01 0.9217E+01 0.7929E+01 0.8698E+01 0.7775E+01 0.7180E+01 0.7619E+01 0.7650E+01 0.7120E+01 0.6772E+01 0.8364E+01 0.7248E+01 0.7889E+01 0.7757E+01 0.6663E+01 0.0000E+00
0.0000E+00 0.1113E+02 0.9183E+01 0.9528E+01 0.8933E+01 0.9702E+01 0.8805E+01 0.7662E+01 0.7145E+01 0.9490E+01 0.9000E+01 0.8440E+01 0.8747E+01 0.8537E+01 0.9730E+01 0.9565E+01 0.1104E+02 0.1045E+02 0.8534E+01 0.9100E+01 0.8521E+01 0.0000E+00
0.0000E+00 0.1154E+02 0.1196E+02 0.1075E+02 0.1109E+02 0.1105E+02 0.1042E+02 0.1097E+02 0.1043E+02 0.9952E+01 0.1091E+02 0.1188E+02 0.1110E+02 0.9007E+01 0.1115E+02 0.1095E+02 0.1267E+02 0.1004E+02 0.6428E+01 0.9325E+01 0.1014E+02 0.0000E+00
0.0000E+00 0.1105E+02 0.1263E+02 0.1267E+02 0.1235E+02 0.1168E+02 0.1197E+02 0.1256E+02 0.1151E+02 0.1249E+02 0.1139E+02 0.1149E+02 0.1324E+02 0.1273E+02 0.1166E+02 0.9591E+01 0.1186E+02 0.1144E+02 0.1162E+02 0.1325E+02 0.1181E+02 0.0000E+00
0.0000E+00 0.1322E+02 0.1349E+02 0.1472E+02 0.1313E+02 0.1188E+02 0.1289E+02 0.1092E+02 0.1181E+02 0.1235E+02 0.1084E+02 0.9626E+01 0.1212E+02 0.1323E+02 0.1278E+02 0.9781E+01 0.9319E+01 0.1200E+02 0.1310E+02 0.1167E+02 0.9124E+01 0.0000E+00
0.0000E+00 0.1006E+02 0.1310E+02 0.1209E+02 0.1164E+02 0.1194E+02 0.1276E+02 0.1399E+02 0.1223E+02 0.1054E+02 0.1348E+02 0.1252E+02 0.1233E+02 0.1168E+02 0.1222E+02 0.1089E+02 0.9250E+01 0.1143E+02 0.1078E+02 0.9260E+01 0.9771E+01 0.0000E+00
0.0000E+00 0.1496E+02 0.1101E+02 0.1091E+02 0.1282E+02 0.1150E+02 0.6630E+01 0.1155E+02 0.1437E+02 0.1124E+02 0.9525E+01 0.1223E+02 0.1375E+02 0.9319E+01 0.8679E+01 0.9916E+01 0.1114E+02 0.9569E+01 0.1040E+02 0.1173E+02 0.1010E+02 0.0000E+00
0.0000E+00 0.1550E+02 0.1391E+02 0.1496E+02 0.1504E+02 0.1149E+02 0.9764E+01 0.1220E+02 0.1561E+02 0.1332E+02 0.1251E+02 0.1429E+02 0.1525E+02 0.1142E+02 0.1139E+02 0.1104E+02 0.1083E+02 0.9322E+01 0.9258E+01 0.1192E+02 0.9485E+01 0.0000E+00
0.0000E+00 0.8918E+01 0.1453E+02 0.1455E+02 0.1117E+02 0.1296E+02 0.1292E+02 0.1298E+02 0.1119E+02 0.1087E+02 0.1301E+02 0.1191E+02 0.1092E+02 0.1197E+02 0.1302E+02 0.1123E+02 0.1026E+02 0.1214E+02 0.1211E+02 0.1175E+02 0.8883E+01 0.0000E+00
0.0000E+00 0.1030E+02 0.1140E+02 0.1182E+02 0.1210E+02 0.1163E+02 0.1074E+02 0.1304E+02 0.9147E+01 0.1233E+02 0.1272E+02 0.7566E+01 0.9008E+01 0.1159E+02 0.1025E+02 0.8348E+01 0.1059E+02 0.9939E+01 0.9281E+01 0.9313E+01 0.8340E+01 0.0000E+00
0.0000E+00 0.1430E+02 0.1413E+02 0.1147E+02 0.1227E+02 0.1290E+02 0.1003E+02 0.1258E+02 0.1294E+02 0.1089E+02 0.1178E+02 0.8636E+01 0.8773E+01 0.9974E+01 0.1209E+02 0.1152E+02 0.6932E+01 0.7223E+01 0.1028E+02 0.1186E+02 0.8952E+01 0.0000E+00
0.0000E+00 0.9789E+01 0.1056E+02 0.1373E+02 0.1312E+02 0.1155E+02 0.1235E+02 0.1445E+02 0.8246E+01 0.8088E+01 0.4874E+01 0.1024E+02 0.1068E+02 0.1206E+02 0.1249E+02 0.1239E+02 0.1238E+02 0.1099E+02 0.1071E+02 0.1063E+02 0.9098E+01 0.0000E+00
0.0000E+00 0.1210E+02 0.8829E+01 0.1310E+02 0.1226E+02 0.1074E+02 0.1129E+02 0.1386E+02 0.6031E+01 0.7361E+01 0.1549E+02 0.1343E+02 0.1101E+02 0.8710E+01 0.1001E+02 0.1112E+02 0.1318E+02 0.1300E+02 0.1095E+02 0.8587E+01 0.1050E+02 0.0000E+00
0.0000E+00 0.1291E+02 0.1537E+02 0.1398E+02 0.1361E+02 0.1304E+02 0.9580E+01 0.1330E+02 0.9298E+01 0.1016E+02 0.1553E+02 0.1203E+02 0.9755E+01 0.8998E+01 0.7531E+01 0.7953E+01 0.9304E+01 0.1030E+02 0.9690E+01 0.9471E+01 0.9992E+01 0.0000E+00
0.0000E+00 0.1221E+02 0.1630E+02 0.1623E+02 0.1360E+02 0.1223E+02 0.1294E+02 0.1677E+02 0.9515E+01 0.1017E+02 0.1366E+02 0.1329E+02 0.1243E+02 0.1307E+02 0.1261E+02 0.9691E+01 0.9959E+01 0.1213E+02 0.1077E+02 0.9728E+01 0.1020E+02 0.0000E+00
0.0000E+00 0.1303E+02 0.8531E+01 0.9552E+01 0.1141E+02 0.1061E+02 0.1035E+02 0.1358E+02 0.8538E+01 0.9731E+01 0.1172E+02 0.1126E+02 0.1189E+02 0.1321E+02 0.1416E+02 0.1201E+02 0.1124E+02 0.1307E+02 0.1176E+02 0.1117E+02 0.1176E+02 0.0000E+00
0.0000E+00 0.1329E+02 0.1152E+02 0.1209E+02 0.1365E+02 0.1398E+02 0.1087E+02 0.1303E+02 0.9688E+01 0.8074E+01 0.1141E+02 0.1221E+02 0.1332E+02 0.1205E+02 0.1220E+02 0.1252E+02 0.1151E+02 0.1025E+02 0.1187E+02 0.1177E+02 0.1441E+02 0.0000E+00
0.0000E+00 0.1042E+02 0.1298E+02 0.1318E+02 0.7538E+01 0.1314E+02 0.1259E+02 0.1068E+02 0.4067E+01 0.1086E+02 0.1028E+02 0.1279E+02 0.1108E+02 0.8294E+01 0.8133E+01 0.8604E+01 0.1160E+02 0.1219E+02 0.1451E+02 0.1522E+02 0.1489E+02 0.0000E+00
0.0000E+00 0.1391E+02 0.1283E+02 0.1023E+02 0.9294E+01 0.1341E+02 0.1147E+02 0.1340E+02 0.5879E+01 0.1061E+02 0.1090E+02 0.8240E+01 0.7579E+01 0.8330E+01 0.6329E+01 0.4056E+01 0.9332E+01 0.1334E+02 0.1299E+02 0.1161E+02 0.1208E+02 0.0000E+00
0.0000E+00 0.1155E+02 0.1414E+02 0.1481E+02 0.6268E+01 0.1615E+02 0.1095E+02 0.4058E+01 0.8544E+01 0.8357E+01 0.8691E+01 0.1124E+02 0.7088E+01 0.1022E+02 0.1134E+02 0.3998E+01 0.1050E+02 0.1397E+02 0.1152E+02 0.1225E+02 0.1152E+02 0.0000E+00
0.0000E+00 0.1257E+02 0.1441E+02 0.1414E+02 0.7856E+01 0.1313E+02 0.5421E+01 0.6269E+01 0.1041E+02 0.1121E+02 0.9843E+01 0.1171E+02 0.6075E+01 0.9853E+01 0.1225E+02 0.5939E+01 0.5342E+01 0.1548E+02 0.1271E+02 0.1522E+02 0.1086E+02 0.0000E+00
0.0000E+00 0.1500E+02 0.1143E+02 0.1018E+02 0.8755E+01 0.1573E+02 0.6707E+01 0.8200E+01 0.1161E+02 0.1421E+02 0.1166E+02 0.1222E+02 0.9755E+01 0.1249E+02 0.1116E+02 0.6965E+01 0.9148E+01 0.1364E+02 0.9764E+01 0.7722E+01 0.1319E+02 0.0000E+00
0.0000E+00 0.1014E+02 0.1336E+02 0.1191E+02 0.5411E+01 0.1827E+02 0.8781E+01 0.8835E+01 0.6929E+01 0.8967E+01 0.1003E+02 0.1225E+02 0.9372E+01 0.1215E+02 0.8520E+01 0.6218E+01 0.8243E+01 0.8268E+01 0.8185E+01 0.6848E+01 0.6548E+01 0.0000E+00
0.0000E+00 0.1019E+02 0.1429E+02 0.1280E+02 0.7623E+01 0.1756E+02 0.1191E+02 0.1487E+02 0.6346E+01 0.1129E+02 0.9957E+01 0.9029E+01 0.9296E+01 0.8260E+01 0.8156E+01 0.8922E+01 0.9703E+01 0.1284E+02 0.1184E+02 0.1270E+02 0.8428E+01 0.0000E+00
0.0000E+00 0.1354E+02 0.1018E+02 0.1191E+02 0.8358E+01 0.8476E+01 0.1378E+02 0.1356E+02 0.7819E+01 0.1002E+02 0.1035E+02 0.1234E+02 0.1176E+02 0.7249E+01 0.9514E+01 0.9706E+01 0.1066E+02 0.1230E+02 0.1231E+02 0.1213E+02 0.8605E+01 0.0000E+00
0.0000E+00 0.9589E+01 0.1061E+02 0.1008E+02 0.6687E+01 0.5349E+01 0.9684E+01 0.1202E+02 0.1339E+02 0.1224E+02 0.8779E+01 0.1140E+02 0.1176E+02 0.1173E+02 0.9084E+01 0.8911E+01 0.1155E+02 0.5461E+01 0.6692E+01 0.9757E+01 0.7892E+01 0.0000E+00
0.0000E+00 0.6009E+01 0.5081E+01 0.9513E+01 0.8423E+01 0.6875E+01 0.1310E+02 0.4418E+01 0.5209E+01 0.6290E+01 0.1020E+02 0.7931E+01 0.1052E+02 0.1087E+02 0.1290E+02 0.1168E+02 0.1329E+02 0.6487E+01 0.1314E+02 0.5998E+01 0.1026E+02 0.0000E+00
0.0000E+00 0.1259E+02 0.5304E+01 0.9594E+01 0.6922E+01 0.7831E+01 0.1808E+02 0.6054E+01 0.8744E+01 0.1046E+02 0.1434E+02 0.1340E+02 0.1221E+02 0.1124E+02 0.1399E+02 0.1294E+02 0.1220E+02 0.8904E+01 0.1513E+02 0.8777E+01 0.1154E+02 0.0000E+00
0.0000E+00 0.1345E+02 0.8106E+01 0.1264E+02 0.1309E+02 0.1214E+02 0.1777E+02 0.8711E+01 0.8931E+01 0.7253E+01 0.1284E+02 0.1555E+02 0.1540E+02 0.1143E+02 0.9460E+01 0.1043E+02 0.1237E+02 0.7510E+01 0.1190E+02 0.8760E+01 0.8373E+01 0.0000E+00
0.0000E+00 0.1238E+02 0.8336E+01 0.9765E+01 0.9998E+01 0.1118E+02 0.1301E+02 0.8951E+01 0.1031E+02 0.8339E+01 0.1053E+02 0.1059E+02 0.1291E+02 0.1085E+02 0.7367E+01 0.4590E+01 0.9075E+01 0.9875E+01 0.1194E+02 0.1377E+02 0.1054E+02 0.0000E+00
0.0000E+00 0.1035E+02 0.9520E+01 0.1305E+02 0.1039E+02 0.9348E+01 0.1017E+02 0.9275E+01 0.1088E+02 0.1071E+02 0.1002E+02 0.1359E+02 0.1312E+02 0.1216E+02 0.6497E+01 0.5778E+01 0.3858E+01 0.7518E+01 0.9530E+01 0.1248E+02 0.5459E+01 0.0000E+00
0.0000E+00 0.1041E+02 0.7650E+01 0.1141E+02 0.1389E+02 0.1138E+02 0.6025E+01 0.9218E+01 0.9398E+01 0.9678E+01 0.1114E+02 0.1443E+02 0.7329E+01 0.5645E+01 0.7010E+01 0.1250E+02 0.9821E+01 0.9900E+01 0.9850E+01 0.1059E+02 0.6251E+01 0.0000E+00
0.0000E+00 0.1181E+02 0.1157E+02 0.1008E+02 0.1131E+02 0.1063E+02 0.9759E+01 0.1090E+02 0.1035E+02 0.9499E+01 0.1173E+02 0.1714E+02 0.9313E+01 0.8793E+01 0.6578E+01 0.1205E+02 0.1204E+02 0.1152E+02 0.1290E+02 0.1047E+02 0.7951E+01 0.0000E+00
0.0000E+00 0.1259E+02 0.6680E+01 0.8302E+01 0.9703E+01 0.1351E+02 0.1215E+02 0.7462E+01 0.6057E+01 0.8193E+01 0.1259E+02 0.1733E+02 0.9473E+01 0.8879E+01 0.7534E+01 0.1004E+02 0.1008E+02 0.9680E+01 0.9694E+01 0.1147E+02 0.9113E+01 0.0000E+00
0.0000E+00 0.1418E+02 0.1115E+02 0.1137E+02 0.1083E+02 0.1233E+02 0.1525E+02 0.1331E+02 0.5028E+01 0.9504E+01 0.1250E+02 0.1564E+02 0.9729E+01 0.1072E+02 0.1044E+02 0.1336E+02 0.5531E+01 0.1209E+02 0.1018E+02 0.1326E+02 0.1241E+02 0.0000E+00
0.0000E+00 0.1188E+02 0.6066E+01 0.1207E+02 0.1176E+02 0.1104E+02 0.1439E+02 0.7347E+01 0.7670E+01 0.6820E+01 0.1452E+02 0.1304E+02 0.9901E+01 0.9413E+01 0.1035E+02 0.1595E+02 0.8458E+01 0.1057E+02 0.1019E+02 0.1279E+02 0.1444E+02 0.0000E+00
0.0000E+00 0.1607E+02 0.6203E+01 0.1517E+02 0.1210E+02 0.1160E+02 0.1423E+02 0.7448E+01 0.9159E+01 0.1005E+02 0.1566E+02 0.1125E+02 0.1064E+02 0.1016E+02 0.9790E+01 0.1540E+02 0.1059E+02 0.1213E+02 0.1255E+02 0.1317E+02 0.1262E+02 0.0000E+00
0.0000E+00 0.1378E+02 0.8312E+01 0.1101E+02 0.1173E+02 0.8344E+01 0.1319E+02 0.8431E+01 0.9833E+01 0.9614E+01 0.9953E+01 0.1225E+02 0.1340E+02 0.1396E+02 0.1199E+02 0.1031E+02 0.1062E+02 0.1315E+02 0.1387E+02 0.1516E+02 0.1331E+02 0.0000E+00
0.0000E+00 0.1343E+02 0.1099E+02 0.1007E+02 0.5850E+01 0.1131E+02 0.1185E+02 0.7724E+01 0.9630E+01 0.1190E+02 0.1164E+02 0.1023E+02 0.1468E+02 0.1285E+02 0.1143E+02 0.4825E+01 0.7222E+01 0.8701E+01 0.8973E+01 0.1264E+02 0.1100E+02 0.0000E+00
0.0000E+00 0.1534E+02 0.1582E+02 0.6831E+01 0.1035E+02 0.1257E+02 0.1324E+02 0.9140E+01 0.7484E+01 0.7415E+01 0.6127E+01 0.1208E+02 0.1271E+02 0.4856E+01 0.5112E+01 0.5849E+01 0.5111E+01 0.1073E+02 0.9962E+01 0.1101E+02 0.1244E+02 0.0000E+00
0.0000E+00 0.1428E+02 0.1494E+02 0.9355E+01 0.8573E+01 0.7779E+01 0.1664E+02 0.5286E+01 0.1125E+02 0.1176E+02 0.8058E+01 0.1087E+02 0.1501E+02 0.8588E+01 0.8700E+01 0.8827E+01 0.8652E+01 0.1392E+02 0.1241E+02 0.1209E+02 0.1280E+02 0.0000E+00
0.0000E+00 0.1304E+02 0.1413E+02 0.9560E+01 0.1175E+02 0.1250E+02 0.1599E+02 0.8586E+01 0.1382E+02 0.1447E+02 0.9120E+01 0.1248E+02 0.1542E+02 0.8257E+01 0.9250E+01 0.8663E+01 0.9452E+01 0.1116E+02 0.1263E+02 0.1366E+02 0.1149E+02 0.0000E+00
0.0000E+00 0.1308E+02 0.1328E+02 0.9862E+01 0.1197E+02 0.1119E+02 0.7494E+01 0.8390E+01 0.8806E+01 0.1072E+02 0.1016E+02 0.1182E+02 0.1337E+02 0.9576E+01 0.1073E+02 0.1071E+02 0.1008E+02 0.1108E+02 0.1167E+02 0.1648E+02 0.1123E+02 0.0000E+00
0.0000E+00 0.1183E+02 0.1259E+02 0.1222E+02 0.9926E+01 0.1234E+02 0.1481E+02 0.1068E+02 0.9504E+01 0.1117E+02 0.1039E+02 0.9194E+01 0.1258E+02 0.1066E+02 0.9939E+01 0.1005E+02 0.1030E+02 0.1101E+02 0.1038E+02 0.1565E+02 0.5281E+01 0.0000E+00
0.0000E+00 0.1283E+02 0.1358E+02 0.1329E+02 0.1276E+02 0.1355E+02 0.1823E+02 0.1359E+02 0.5410E+01 0.1270E+02 0.1135E+02 0.3634E+01 0.1048E+02 0.1204E+02 0.1026E+02 0.9047E+01 0.8791E+01 0.1051E+02 0.9517E+01 0.1167E+02 0.6366E+01 0.0000E+00
0.0000E+00 0.1328E+02 0.1326E+02 0.1115E+02 0.1134E+02 0.1252E+02 0.1399E+02 0.4104E+01 0.7849E+01 0.1286E+02 0.1685E+02 0.5498E+01 0.1328E+02 0.1332E+02 0.1446E+02 0.5378E+01 0.7021E+01 0.1255E+02 0.1024E+02 0.1109E+02 0.4013E+01 0.0000E+00
0.0000E+00 0.7490E+01 0.9017E+01 0.1136E+02 0.1199E+02 0.1106E+02 0.1462E+02 0.6233E+01 0.9868E+01 0.1169E+02 0.1515E+02 0.8618E+01 0.1265E+02 0.1186E+02 0.1320E+02 0.8062E+01 0.5610E+01 0.1794E+02 0.7181E+01 0.1670E+02 0.6777E+01 0.0000E+00
0.0000E+00 0.9447E+01 0.1109E+02 0.1251E+02 0.1092E+02 0.1191E+02 0.1418E+02 0.7287E+01 0.9382E+01 0.1349E+02 0.1134E+02 0.7629E+01 0.1024E+02 0.1204E+02 0.1272E+02 0.8790E+01 0.7592E+01 0.1807E+02 0.9340E+01 0.1581E+02 0.7673E+01 0.0000E+00
0.0000E+00 0.1464E+02 0.1369E+02 0.1303E+02 0.1025E+02 0.1374E+02 0.1784E+02 0.8044E+01 0.1200E+02 0.1482E+02 0.1605E+02 0.5092E+01 0.1282E+02 0.1151E+02 0.1152E+02 0.9975E+01 0.9298E+01 0.1386E+02 0.8820E+01 0.1273E+02 0.9531E+01 0.0000E+00
0.0000E+00 0.1384E+02 0.1173E+02 0.1204E+02 0.1223E+02 0.1280E+02 0.1281E+02 0.1083E+02 0.1029E+02 0.1093E+02 0.1528E+02 0.8818E+01 0.1366E+02 0.1235E+02 0.1188E+02 0.1165E+02 0.9409E+01 0.5050E+01 0.6273E+01 0.1075E+02 0.6236E+01 0.0000E+00
0.0000E+00 0.1307E+02 0.1181E+02 0.1145E+02 0.1190E+02 0.1224E+02 0.1404E+02 0.1153E+02 0.1046E+02 0.1197E+02 0.1570E+02 0.8959E+01 0.1419E+02 0.1373E+02 0.9519E+01 0.1283E+02 0.1281E+02 0.1231E+02 0.5529E+01 0.1156E+02 0.7076E+01 0.0000E+00
0.0000E+00 0.1433E+02 0.1399E+02 0.1416E+02 0.1289E+02 0.9641E+01 0.1208E+02 0.1208E+02 0.1295E+02 0.1462E+02 0.1603E+02 0.1047E+02 0.1200E+02 0.1333E+02 0.1214E+02 0.1534E+02 0.6117E+01 0.7542E+01 0.8841E+01 0.1428E+02 0.9246E+01 0.0000E+00
0.0000E+00 0.1110E+02 0.1351E+02 0.1214E+02 0.1285E+02 0.1231E+02 0.1190E+02 0.1346E+02 0.1309E+02 0.1401E+02 0.1299E+02 0.8280E+01 0.1171E+02 0.1364E+02 0.6281E+01 0.1319E+02 0.7316E+01 0.7432E+01 0.5569E+01 0.1204E+02 0.1101E+02 0.0000E+00
0.0000E+00 0.1253E+02 0.1379E+02 0.1649E+02 0.1375E+02 0.1405E+02 0.1252E+02 0.5989E+01 0.1068E+02 0.1230E+02 0.1413E+02 0.5366E+01 0.1273E+02 0.1762E+02 0.8015E+01 0.1334E+02 0.1056E+02 0.1007E+02 0.9759E+01 0.1351E+02 0.8336E+01 0.0000E+00
0.0000E+00 0.1517E+02 0.1612E+02 0.1528E+02 0.1336E+02 0.1285E+02 0.1414E+02 0.1212E+02 0.1245E+02 0.1271E+02 0.1560E+02 0.7985E+01 0.1034E+02 0.1293E+02 0.9461E+01 0.1464E+02 0.1147E+02 0.1182E+02 0.1065E+02 0.1087E+02 0.1050E+02 0.0000E+00
0.0000E+00 0.1485E+02 0.1524E+02 0.1319E+02 0.1467E+02 0.1652E+02 0.1450E+02 0.1504E+02 0.1605E+02 0.1187E+02 0.1173E+02 0.8382E+01 0.1215E+02 0.1338E+02 0.1401E+02 0.1247E+02 0.1097E+02 0.1223E+02 0.1022E+02 0.1163E+02 0.6144E+01 0.0000E+00
0.0000E+00 0.1126E+02 0.1075E+02 0.1659E+02 0.7648E+01 0.1569E+02 0.1366E+02 0.1220E+02 0.1462E+02 0.1323E+02 0.1273E+02 0.1005E+02 0.1393E+02 0.1228E+02 0.1490E+02 0.6301E+01 0.1073E+02 0.1079E+02 0.1258E+02 0.1728E+02 0.6423E+01 0.0000E+00
0.0000E+00 0.1071E+02 0.1281E+02 0.1717E+02 0.9719E+01 0.1316E+02 0.1171E+02 0.1235E+02 0.1369E+02 0.1458E+02 0.1380E+02 0.1185E+02 0.1374E+02 0.1364E+02 0.1548E+02 0.8107E+01 0.9931E+01 0.1237E+02 0.1298E+02 0.1379E+02 0.9844E+01 0.0000E+00
0.0000E+00 0.9542E+01 0.9641E+01 0.1273E+02 0.9189E+01 0.1237E+02 0.5694E+01 0.8238E+01 0.1332E+02 0.1570E+02 0.1305E+02 0.1254E+02 0.1255E+02 0.9749E+01 0.1271E+02 0.1286E+02 0.1191E+02 0.1175E+02 0.9833E+01 0.1188E+02 0.8901E+01 0.0000E+00
-.9999E+04 -.9999E+04 -.9999E+04 -.9999E+04 -.9999E+04 -.9999E+04 -.9999E+04 -.9999E+04 -.9999E+04 -.9999E+04 -.9999E+04 -.9999E+04 -.9999E+04 -.9999E+04 -.9999E+04 -.9999E+04 -.9999E+04 -.9999E+04 -.9999E+04 -.9999E+04 -.9999E+04 -.9999E+04
